# Residuals    
# Time         	Ux             	Uy             	Uz             	p              	epsilon        	k              
1              	1.00000000e+000	1.00000000e+000	1.00000000e+000	1.00000000e+000	1.24561920e-001	1.00000000e+000
2              	2.37230790e-002	2.13114990e-002	9.27850820e-002	9.91655000e-001	1.20756630e-001	9.90877960e-001
3              	7.40402070e-002	7.51636760e-002	1.58844620e-001	6.92765770e-002	1.32731190e-001	3.18893810e-001
4              	1.46022830e-001	1.84211310e-001	1.50897650e-001	2.49022860e-002	1.40514390e-001	1.54230330e-001
5              	1.11305670e-001	1.38811870e-001	1.13826820e-001	3.85920620e-002	1.52193580e-001	8.57357050e-002
6              	5.53157270e-002	6.62012080e-002	8.47504120e-002	7.40518110e-002	1.73157760e-001	5.18160210e-002
7              	2.28310440e-002	2.26638560e-002	6.69678270e-002	2.55221700e-001	2.24325690e-001	3.28397840e-002
8              	5.63262510e-002	6.83744350e-002	6.14012170e-002	7.23049560e-002	4.76664800e-001	2.15061910e-002
9              	6.73847470e-002	8.13430120e-002	5.40053830e-002	5.90787880e-002	4.21482710e-001	1.44595510e-002
10             	4.91477980e-002	5.55835690e-002	4.26733380e-002	7.33975940e-002	1.00484910e-001	9.95574390e-003
11             	1.92488920e-002	1.52783210e-002	3.30958770e-002	1.98152450e-001	4.36028950e-002	7.01500380e-003
12             	2.56118460e-002	3.18202880e-002	2.84563500e-002	8.51842770e-002	2.28329990e-002	5.05899490e-003
13             	3.29501040e-002	4.22413590e-002	2.60342620e-002	5.45107850e-002	1.32155780e-002	3.73489690e-003
14             	2.73980380e-002	3.46483470e-002	2.26429470e-002	5.91311450e-002	8.18853240e-003	2.82231040e-003
15             	1.58458470e-002	1.86114140e-002	1.92815320e-002	9.30418110e-002	5.34837260e-003	2.18133810e-003
16             	1.19678570e-002	1.00714730e-002	1.76473560e-002	1.79109340e-001	3.64835510e-003	1.72219940e-003
17             	1.68969560e-002	1.66310360e-002	1.72698400e-002	7.16806420e-002	2.58188020e-003	1.38668040e-003
18             	1.73587660e-002	1.72064200e-002	1.62490370e-002	6.51560310e-002	1.88541060e-003	1.13657380e-003
19             	1.35105010e-002	1.21300340e-002	1.45415350e-002	8.44754180e-002	1.41425860e-003	9.46488910e-004
20             	9.60447500e-003	8.05492600e-003	1.29760370e-002	1.78921950e-001	1.08546990e-003	7.99280150e-004
21             	1.01914030e-002	1.12126840e-002	1.19160240e-002	7.64972410e-002	8.49671830e-004	6.83218870e-004
22             	1.09642710e-002	1.26209910e-002	1.12100070e-002	6.00370700e-002	6.76471480e-004	5.90160770e-004
23             	9.76133850e-003	1.09901860e-002	1.06956520e-002	6.38389710e-002	5.46578770e-004	5.14426430e-004
24             	8.36334620e-003	8.17761570e-003	1.03191790e-002	8.15769130e-002	4.47379850e-004	4.52019650e-004
25             	8.35407370e-003	6.87930550e-003	1.00104520e-002	1.07070070e-001	3.70373420e-004	4.00073120e-004
26             	8.73022180e-003	6.98551230e-003	9.69427540e-003	7.44342790e-002	3.09733760e-004	3.56468890e-004
27             	8.56360780e-003	6.82268270e-003	9.29099560e-003	7.11478060e-002	2.61358080e-004	3.19598060e-004
28             	7.96885050e-003	6.40487400e-003	8.88845090e-003	8.00556350e-002	2.22312220e-004	2.88191250e-004
29             	7.42379450e-003	6.38218920e-003	8.54957650e-003	8.05428090e-002	1.90459510e-004	2.61221300e-004
30             	7.17526020e-003	6.64451120e-003	8.27047440e-003	6.29500590e-002	1.64228540e-004	2.37887850e-004
31             	7.01580990e-003	6.63714430e-003	8.04782040e-003	5.77054260e-002	1.42443680e-004	2.17567140e-004
32             	6.84200500e-003	6.28250000e-003	7.87836980e-003	5.83252980e-002	1.24210660e-004	1.99770210e-004
33             	6.72498550e-003	5.84483780e-003	7.73202040e-003	6.18220240e-002	1.08844860e-004	1.84147320e-004
34             	6.68578110e-003	5.54858820e-003	7.57955370e-003	6.54670570e-002	9.58131110e-005	1.70382160e-004
35             	6.62365830e-003	5.37696630e-003	7.41359310e-003	6.47019920e-002	8.46961930e-005	1.58209330e-004
36             	6.48762060e-003	5.25279420e-003	7.24254800e-003	6.28290930e-002	7.51612660e-005	1.47392900e-004
37             	6.29955160e-003	5.16143570e-003	7.07860530e-003	6.04056450e-002	6.69420620e-005	1.37729910e-004
38             	6.11173620e-003	5.09824950e-003	6.92653350e-003	5.57516380e-002	5.98224370e-005	1.29052950e-004
39             	5.95309740e-003	5.03086880e-003	6.78568700e-003	5.24724850e-002	5.36296120e-005	1.21225870e-004
40             	5.82515580e-003	4.92579210e-003	6.65710580e-003	5.08807480e-002	4.82207900e-005	1.14142320e-004
41             	5.71826760e-003	4.78688390e-003	6.53798800e-003	5.03379520e-002	4.34794970e-005	1.07721200e-004
42             	5.62860940e-003	4.64160610e-003	6.42515740e-003	5.01912330e-002	3.93099370e-005	1.01901310e-004
43             	5.54450190e-003	4.51149910e-003	6.31442620e-003	5.00384400e-002	3.56331110e-005	9.66231700e-005
44             	5.45306730e-003	4.40039170e-003	6.20388960e-003	4.95304400e-002	3.23834770e-005	9.18290760e-005
45             	5.34898700e-003	4.30446350e-003	6.09456800e-003	4.85912150e-002	2.95057100e-005	8.74640830e-005
46             	5.23853210e-003	4.21823840e-003	5.98800100e-003	4.73614850e-002	2.69518760e-005	8.34788150e-005
47             	5.12932860e-003	4.13661560e-003	5.88506470e-003	4.61088950e-002	2.46814240e-005	7.98276400e-005
48             	5.02739680e-003	4.05390000e-003	5.78481860e-003	4.50864180e-002	2.26612460e-005	7.64773620e-005
49             	4.93337100e-003	3.96776750e-003	5.68726690e-003	4.43518670e-002	2.08595490e-005	7.33957150e-005
50             	4.84700590e-003	3.87937430e-003	5.59411420e-003	4.38133250e-002	1.92509860e-005	7.05592220e-005
51             	4.76634140e-003	3.79211020e-003	5.50482880e-003	4.33577020e-002	1.78108220e-005	6.79464540e-005
52             	4.68767660e-003	3.70879220e-003	5.41912570e-003	4.29057340e-002	1.65224020e-005	6.55361010e-005
53             	4.60832110e-003	3.63043620e-003	5.33606980e-003	4.24043360e-002	1.53665710e-005	6.33079950e-005
54             	4.52810910e-003	3.55651330e-003	5.25617260e-003	4.18536670e-002	1.43295070e-005	6.12451700e-005
55             	4.44866180e-003	3.48579980e-003	5.17918860e-003	4.12706990e-002	1.33973150e-005	5.93302540e-005
56             	4.37068090e-003	3.41740120e-003	5.10441390e-003	4.06941490e-002	1.25582350e-005	5.75498570e-005
57             	4.29494390e-003	3.35044360e-003	5.03185610e-003	4.01458450e-002	1.18029270e-005	5.58894340e-005
58             	4.22245480e-003	3.28437390e-003	4.96153040e-003	3.96656320e-002	1.11233990e-005	5.43363120e-005
59             	4.15347740e-003	3.21938930e-003	4.89345670e-003	3.92335820e-002	1.05088750e-005	5.28786510e-005
60             	4.08687720e-003	3.15607200e-003	4.82795690e-003	3.88434760e-002	9.95386570e-006	4.72816350e-005
61             	4.02169770e-003	3.09489030e-003	4.76619090e-003	3.84260640e-002	9.96851750e-006	4.23580030e-005
62             	3.95739740e-003	3.03604970e-003	4.70724250e-003	3.80213250e-002	9.95167610e-006	3.79499160e-005
63             	3.89432400e-003	2.97936780e-003	4.65041310e-003	3.76293470e-002	9.90933970e-006	3.40052300e-005
64             	3.83267230e-003	2.92453650e-003	4.59545700e-003	3.72447510e-002	9.84689600e-006	3.04765200e-005
65             	3.77215680e-003	2.87134330e-003	4.54213560e-003	3.68894610e-002	9.76917660e-006	2.73205360e-005
66             	3.71316600e-003	2.81963690e-003	4.48991120e-003	3.65613380e-002	9.68051130e-006	2.44998950e-005
67             	3.65635380e-003	2.76940440e-003	4.43938950e-003	3.62395960e-002	9.58452030e-006	2.19807830e-005
68             	3.60114810e-003	2.72065760e-003	4.39098240e-003	3.59687980e-002	9.48407700e-006	1.97326580e-005
69             	3.54733090e-003	2.67348730e-003	4.34476770e-003	3.57441110e-002	9.38170030e-006	1.77282540e-005
70             	3.49491560e-003	2.62810950e-003	4.30104130e-003	3.55930750e-002	9.27939460e-006	1.59445110e-005
71             	3.44452140e-003	2.58469220e-003	4.26020570e-003	3.55485070e-002	9.17885520e-006	1.43602370e-005
72             	3.39569250e-003	2.54356310e-003	4.22281830e-003	3.56273940e-002	9.08146020e-006	1.29573310e-005
73             	3.34883330e-003	2.50518010e-003	4.18942350e-003	3.58527570e-002	8.98821540e-006	1.17191700e-005
74             	3.30413280e-003	2.46962140e-003	4.16056030e-003	3.62155910e-002	8.89991380e-006	1.06288540e-005
75             	3.26217940e-003	2.43712430e-003	4.13544120e-003	3.66510310e-002	8.81708660e-006	9.66916630e-006
76             	3.21411160e-003	2.39386750e-003	4.08033620e-003	3.59978880e-002	8.80392970e-006	9.67353800e-006
77             	3.16739360e-003	2.35230530e-003	4.04404470e-003	3.50480990e-002	8.79334900e-006	9.69098280e-006
78             	3.12164910e-003	2.31243760e-003	4.01058840e-003	3.41700970e-002	8.78338850e-006	9.73206590e-006
79             	3.07684120e-003	2.27385770e-003	3.97258650e-003	3.35631680e-002	8.77392970e-006	9.79033790e-006
80             	3.03283190e-003	2.23635760e-003	3.93155700e-003	3.31328030e-002	8.76488260e-006	9.86125430e-006
81             	2.98976120e-003	2.19983590e-003	3.89093090e-003	3.27041490e-002	8.75619230e-006	9.94193020e-006
82             	2.94759660e-003	2.16420970e-003	3.85287740e-003	3.22392020e-002	8.74780450e-006	1.00300500e-005
83             	2.90853730e-003	2.13340730e-003	3.83336420e-003	3.19236770e-002	8.72457140e-006	9.10956070e-006
84             	2.86733310e-003	2.09819150e-003	3.78864770e-003	3.17634350e-002	8.71646700e-006	9.19682630e-006
85             	2.82784330e-003	2.06488400e-003	3.75332570e-003	3.14502870e-002	8.70890070e-006	9.26858350e-006
86             	2.78926420e-003	2.03236770e-003	3.72403440e-003	3.09685420e-002	8.70160870e-006	9.34724290e-006
87             	2.75157800e-003	2.00055060e-003	3.69695660e-003	3.05078860e-002	8.69455330e-006	9.43087700e-006
88             	2.71446810e-003	1.96941960e-003	3.66909000e-003	3.01675010e-002	8.68770250e-006	9.51802390e-006
89             	2.67792380e-003	1.93893650e-003	3.63998880e-003	2.98979280e-002	8.68103480e-006	9.60768200e-006
90             	2.64214470e-003	1.90911550e-003	3.61049230e-003	2.96407260e-002	8.67452980e-006	9.69911420e-006
91             	2.60712040e-003	1.87989490e-003	3.58128490e-003	2.93648440e-002	8.66818190e-006	9.79177150e-006
92             	2.57262750e-003	1.85128050e-003	3.55295610e-003	2.90606530e-002	8.66198080e-006	9.88534510e-006
93             	2.53877050e-003	1.82320840e-003	3.52526710e-003	2.87715360e-002	8.65591650e-006	9.97942510e-006
94             	2.50554500e-003	1.79565830e-003	3.49837210e-003	2.84963880e-002	8.64998170e-006	1.00737740e-005
95             	2.47406320e-003	1.77110570e-003	3.49000240e-003	2.88133150e-002	8.70839850e-006	9.08287080e-006
96             	2.44105830e-003	1.74345320e-003	3.45156760e-003	2.86941790e-002	8.70402070e-006	9.17400930e-006
97             	2.40987890e-003	1.71773530e-003	3.42239160e-003	2.84559370e-002	8.69848580e-006	9.23958080e-006
98             	2.37944070e-003	1.69257970e-003	3.39801880e-003	2.80960780e-002	8.69312130e-006	9.30925660e-006
99             	2.34956110e-003	1.66787600e-003	3.37452930e-003	2.77526170e-002	8.68790430e-006	9.38168460e-006
100            	2.31998770e-003	1.64360810e-003	3.34983710e-003	2.74820930e-002	8.68281670e-006	9.45595770e-006
101            	2.29076930e-003	1.61978280e-003	3.32430700e-003	2.72742260e-002	8.67784790e-006	9.53139460e-006
102            	2.26213350e-003	1.59636800e-003	3.29893450e-003	2.70694930e-002	8.67298500e-006	9.60754260e-006
103            	2.23406970e-003	1.57335960e-003	3.27407430e-003	2.68329380e-002	8.66822520e-006	9.68410870e-006
104            	2.20636690e-003	1.55080630e-003	3.24990270e-003	2.66033450e-002	8.66356320e-006	9.76088570e-006
105            	2.17911620e-003	1.52866260e-003	3.22628220e-003	2.63998930e-002	8.65899230e-006	9.83773890e-006
106            	2.15241510e-003	1.50691360e-003	3.20309660e-003	2.62125440e-002	8.65451190e-006	9.91452780e-006
107            	2.12616880e-003	1.48553620e-003	3.18024250e-003	2.60319490e-002	8.65011620e-006	9.99110070e-006
108            	2.10031270e-003	1.46452230e-003	3.15755400e-003	2.58681970e-002	8.64580060e-006	1.00673520e-005
109            	2.07577350e-003	1.44583320e-003	3.15438840e-003	2.64425530e-002	8.78248670e-006	9.01743280e-006
110            	2.04965810e-003	1.42432660e-003	3.11907230e-003	2.63211010e-002	8.78050420e-006	9.09662840e-006
111            	2.02534210e-003	1.40458420e-003	3.09243080e-003	2.61140050e-002	8.77640480e-006	9.14562190e-006
112            	2.00147930e-003	1.38526950e-003	3.07088610e-003	2.57697610e-002	8.77242960e-006	9.19833210e-006
113            	1.97791090e-003	1.36630100e-003	3.05053110e-003	2.54581070e-002	8.76855880e-006	9.25353690e-006
114            	1.95466510e-003	1.34760900e-003	3.02926310e-003	2.52200300e-002	8.76477950e-006	9.31036420e-006
115            	1.93165940e-003	1.32918870e-003	3.00739020e-003	2.50516890e-002	8.76108300e-006	9.36821210e-006
116            	1.90896560e-003	1.31105780e-003	2.98556250e-003	2.48765910e-002	8.75746210e-006	9.42667320e-006
117            	1.88664540e-003	1.29321510e-003	2.96417780e-003	2.46769190e-002	8.75391700e-006	9.48550050e-006
118            	1.86475630e-003	1.27563530e-003	2.94320420e-003	2.44646170e-002	8.75044170e-006	9.54451470e-006
119            	1.84316620e-003	1.25835100e-003	2.92253090e-003	2.42767580e-002	8.74703060e-006	9.60358550e-006
120            	1.82187610e-003	1.24135350e-003	2.90203520e-003	2.40905820e-002	8.74368010e-006	9.66258010e-006
121            	1.80089280e-003	1.22462880e-003	2.88187930e-003	2.39094820e-002	8.74038900e-006	9.72140370e-006
122            	1.78027820e-003	1.20816610e-003	2.86207270e-003	2.37467120e-002	8.73715410e-006	9.77998000e-006
123            	1.75992850e-003	1.19197020e-003	2.84242770e-003	2.35983420e-002	8.73397250e-006	9.83824210e-006
124            	1.73987560e-003	1.17604000e-003	2.82292110e-003	2.34682460e-002	8.73084250e-006	9.89612980e-006
125            	1.72018010e-003	1.16038990e-003	2.80363720e-003	2.33534450e-002	8.72776280e-006	9.95360320e-006
126            	1.70078840e-003	1.14498880e-003	2.78460460e-003	2.32371340e-002	8.72473050e-006	1.00106050e-005
127            	1.68270700e-003	1.13143950e-003	2.78736420e-003	2.39692260e-002	8.94543350e-006	8.91687600e-006
128            	1.66272980e-003	1.11536020e-003	2.75545510e-003	2.38359330e-002	8.94517230e-006	8.98318720e-006
129            	1.64448150e-003	1.10075780e-003	2.73189710e-003	2.36353170e-002	8.94224950e-006	9.01624220e-006
130            	1.62659800e-003	1.08652300e-003	2.71362910e-003	2.33055920e-002	8.93941270e-006	9.05272790e-006
131            	1.60888850e-003	1.07254240e-003	2.69691560e-003	2.29992430e-002	8.93664800e-006	9.09155300e-006
132            	1.59134120e-003	1.05880240e-003	2.67902470e-003	2.27685920e-002	8.93394910e-006	9.13193140e-006
133            	1.57402810e-003	1.04523890e-003	2.66030830e-003	2.26039940e-002	8.93130850e-006	9.17333160e-006
134            	1.55693110e-003	1.03185600e-003	2.64162860e-003	2.24462450e-002	8.92871920e-006	9.21538940e-006
135            	1.54013210e-003	1.01866200e-003	2.62348140e-003	2.22767070e-002	8.92617710e-006	9.25786240e-006
136            	1.52366330e-003	1.00565960e-003	2.60582920e-003	2.21256770e-002	8.92368000e-006	9.30061170e-006
137            	1.50745000e-003	9.92853300e-004	2.58857160e-003	2.19918020e-002	8.92122570e-006	9.34351730e-006
138            	1.49144130e-003	9.80234710e-004	2.57173640e-003	2.18602950e-002	8.91881300e-006	9.38646860e-006
139            	1.47566630e-003	9.67807330e-004	2.55514250e-003	2.17363180e-002	8.91643990e-006	9.42938190e-006
140            	1.46014510e-003	9.55554570e-004	2.53886100e-003	2.16085310e-002	8.91410260e-006	9.47217710e-006
141            	1.44479470e-003	9.43481970e-004	2.52269190e-003	2.14781180e-002	8.91179930e-006	9.51478220e-006
142            	1.42966070e-003	9.31594250e-004	2.50649280e-003	2.13499640e-002	8.90953040e-006	9.55714540e-006
143            	1.41479030e-003	9.19886070e-004	2.49035960e-003	2.12220700e-002	8.90729600e-006	9.59923190e-006
144            	1.40013270e-003	9.08339860e-004	2.47433150e-003	2.10993230e-002	8.90509370e-006	9.64099960e-006
145            	1.38563990e-003	8.96959000e-004	2.45854700e-003	2.09976690e-002	8.90292260e-006	9.68243170e-006
146            	1.37136790e-003	8.85745050e-004	2.44298550e-003	2.08976530e-002	8.90078200e-006	9.72350910e-006
147            	1.35735350e-003	8.74701420e-004	2.42764480e-003	2.07916960e-002	8.89867050e-006	9.76421690e-006
148            	1.34349860e-003	8.63821200e-004	2.41257390e-003	2.06921300e-002	8.89658680e-006	9.80454920e-006
149            	1.32981360e-003	8.53102810e-004	2.39766830e-003	2.05864080e-002	8.89453010e-006	9.84450450e-006
150            	1.31635980e-003	8.42534470e-004	2.38285620e-003	2.04887570e-002	8.89249920e-006	9.88407470e-006
151            	1.30309520e-003	8.32127410e-004	2.36813150e-003	2.03972980e-002	8.89049520e-006	9.92326420e-006
152            	1.28995750e-003	8.21873010e-004	2.35354070e-003	2.03147550e-002	8.88851790e-006	9.96207020e-006
153            	1.27701520e-003	8.11788030e-004	2.33912150e-003	2.02313830e-002	8.88656660e-006	1.00004940e-005
154            	1.26576370e-003	8.03280540e-004	2.34989270e-003	2.12245480e-002	9.21151030e-006	8.86108000e-006
155            	1.25194040e-003	7.92438510e-004	2.32213830e-003	2.11063980e-002	9.21265180e-006	8.91537400e-006
156            	1.23956870e-003	7.82724040e-004	2.30271520e-003	2.09317140e-002	9.21074700e-006	8.93395930e-006
157            	1.22756860e-003	7.73320070e-004	2.28880120e-003	2.06180010e-002	9.20889940e-006	8.95561970e-006
158            	1.21571520e-003	7.64106940e-004	2.27664110e-003	2.03212230e-002	9.20709990e-006	8.97941980e-006
159            	1.20387100e-003	7.55012880e-004	2.26329100e-003	2.01360890e-002	9.20534160e-006	9.00468830e-006
160            	1.19212910e-003	7.46055980e-004	2.24903050e-003	2.00044340e-002	9.20361890e-006	9.03095770e-006
161            	1.18056830e-003	7.37214640e-004	2.23483330e-003	2.00412200e-002	9.20192900e-006	9.05792230e-006
162            	1.16917470e-003	7.28518100e-004	2.22137180e-003	1.97780920e-002	9.20026860e-006	9.08538910e-006
163            	1.15790840e-003	7.19892350e-004	2.20845010e-003	1.96245710e-002	9.19863580e-006	9.11320930e-006
164            	1.14680310e-003	7.11413060e-004	2.19591940e-003	1.95018200e-002	9.19702870e-006	9.14127660e-006
165            	1.13584310e-003	7.03037580e-004	2.18375540e-003	1.94004880e-002	9.19544630e-006	9.16949420e-006
166            	1.12501040e-003	6.94783500e-004	2.17201870e-003	1.92994610e-002	9.19388830e-006	9.19778140e-006
167            	1.11429990e-003	6.86639130e-004	2.16061970e-003	1.92368050e-002	9.19235340e-006	9.22607500e-006
168            	1.10370440e-003	6.78618550e-004	2.14943090e-003	1.91520000e-002	9.19084070e-006	9.25432210e-006
169            	1.09319550e-003	6.70702550e-004	2.13829410e-003	1.90696950e-002	9.18935000e-006	9.28247620e-006
170            	1.08278910e-003	6.62902840e-004	2.12718260e-003	1.90069480e-002	9.18788110e-006	9.31050140e-006
171            	1.07249030e-003	6.55211970e-004	2.11612250e-003	1.89573850e-002	9.18643110e-006	9.33836400e-006
172            	1.06229710e-003	6.47625140e-004	2.10522630e-003	1.89044910e-002	9.18499990e-006	9.36605670e-006
173            	1.05219940e-003	6.40142930e-004	2.09454960e-003	1.88360550e-002	9.18358770e-006	9.39356030e-006
174            	1.04220150e-003	6.32765280e-004	2.08401500e-003	1.87590360e-002	9.18219310e-006	9.42086010e-006
175            	1.03230750e-003	6.25498610e-004	2.07358160e-003	1.86910230e-002	9.18081670e-006	9.44795290e-006
176            	1.02246140e-003	6.18331040e-004	2.06308240e-003	1.86308130e-002	9.17945650e-006	9.47483010e-006
177            	1.01268700e-003	6.11264820e-004	2.05261400e-003	1.85849210e-002	9.17811190e-006	9.50148200e-006
178            	1.00300800e-003	6.04292730e-004	2.04227620e-003	1.85401170e-002	9.17678310e-006	9.52791040e-006
179            	9.93412590e-004	5.97418470e-004	2.03215660e-003	1.84888550e-002	9.17546950e-006	9.55411040e-006
180            	9.83806630e-004	5.90631370e-004	2.02214490e-003	1.84365890e-002	9.17417090e-006	9.58007800e-006
181            	9.74267890e-004	5.83955580e-004	2.01218500e-003	1.83847470e-002	9.17288710e-006	9.60582300e-006
182            	9.64787540e-004	5.77362240e-004	2.00219260e-003	1.83345300e-002	9.17161940e-006	9.63133780e-006
183            	9.55377080e-004	5.70850020e-004	1.99206820e-003	1.82779130e-002	9.17036620e-006	9.65662140e-006
184            	9.45966060e-004	5.64405920e-004	1.98182880e-003	1.82171350e-002	9.16912800e-006	9.68166900e-006
185            	9.36611310e-004	5.58057640e-004	1.97155370e-003	1.81563590e-002	9.16790360e-006	9.70648120e-006
186            	9.27322470e-004	5.51797600e-004	1.96124490e-003	1.80897250e-002	9.16669330e-006	9.73105990e-006
187            	9.18077710e-004	5.45621060e-004	1.95099200e-003	1.80239580e-002	9.16549650e-006	9.75540480e-006
188            	9.08832430e-004	5.39533860e-004	1.94089720e-003	1.79541930e-002	9.16431320e-006	9.77952270e-006
189            	8.99635670e-004	5.33531930e-004	1.93086770e-003	1.78890530e-002	9.16314430e-006	9.80341660e-006
190            	8.90488120e-004	5.27622660e-004	1.92084680e-003	1.78155990e-002	9.16198940e-006	9.82708620e-006
191            	8.81369130e-004	5.21780380e-004	1.91079110e-003	1.77506450e-002	9.16084750e-006	9.85053630e-006
192            	8.72225000e-004	5.16012000e-004	1.90073470e-003	1.76762430e-002	9.15971900e-006	9.87376960e-006
193            	8.63115370e-004	5.10316000e-004	1.89058680e-003	1.75949010e-002	9.15860410e-006	9.89678780e-006
194            	8.54039020e-004	5.04697600e-004	1.88033980e-003	1.75113120e-002	9.15750260e-006	9.91958980e-006
195            	8.44983050e-004	4.99150750e-004	1.87004810e-003	1.74339470e-002	9.15641390e-006	9.94218450e-006
196            	8.35926460e-004	4.93682400e-004	1.85971670e-003	1.73516590e-002	9.15533770e-006	9.96457160e-006
197            	8.26925530e-004	4.88298530e-004	1.84940760e-003	1.72777090e-002	9.15427430e-006	9.98675390e-006
198            	8.17975690e-004	4.82984170e-004	1.83916370e-003	1.72013340e-002	9.15322320e-006	1.00087350e-005
199            	8.11239120e-004	4.79331000e-004	1.85839610e-003	1.84874740e-002	9.60800840e-006	8.82729300e-006
200            	8.00920330e-004	4.73275960e-004	1.83392420e-003	1.83347620e-002	9.61002650e-006	8.87168010e-006
201            	7.91857860e-004	4.67931510e-004	1.81748450e-003	1.81620350e-002	9.60898410e-006	8.87868330e-006
202            	7.83125110e-004	4.62865400e-004	1.80673640e-003	1.78240890e-002	9.60797760e-006	8.88827120e-006
203            	7.74399110e-004	4.57959760e-004	1.79764740e-003	1.75036820e-002	9.60700020e-006	8.89969300e-006
204            	7.65648390e-004	4.53158520e-004	1.78698620e-003	1.72776650e-002	9.60604620e-006	8.91240450e-006
205            	7.56926440e-004	4.48438830e-004	1.77514660e-003	1.71056870e-002	9.60511260e-006	8.92602640e-006
206            	7.48266740e-004	4.43794760e-004	1.76335630e-003	1.69453810e-002	9.60419760e-006	8.94031240e-006
207            	7.39646000e-004	4.39218250e-004	1.75215100e-003	1.67929020e-002	9.60329960e-006	8.95509880e-006
208            	7.31096630e-004	4.34715140e-004	1.74157880e-003	1.66657180e-002	9.60241690e-006	8.97026800e-006
209            	7.22672150e-004	4.30271720e-004	1.73141150e-003	1.65596470e-002	9.60154810e-006	8.98572990e-006
210            	7.14297460e-004	4.25884240e-004	1.72165190e-003	1.64615730e-002	9.60069280e-006	9.00140670e-006
211            	7.05930440e-004	4.21556920e-004	1.71214420e-003	1.63708540e-002	9.59985000e-006	9.01723520e-006
212            	6.97616250e-004	4.17284830e-004	1.70275670e-003	1.62853170e-002	9.59901900e-006	9.03316100e-006
213            	6.89374250e-004	4.13071170e-004	1.69330210e-003	1.62128790e-002	9.59819970e-006	9.04914140e-006
214            	6.81189790e-004	4.08930420e-004	1.68372440e-003	1.61282450e-002	9.59739140e-006	9.06514000e-006
215            	6.73032730e-004	4.04849130e-004	1.67398390e-003	1.60557460e-002	9.59659430e-006	9.08112590e-006
216            	6.64978190e-004	4.00835630e-004	1.66424510e-003	1.59940840e-002	9.59580780e-006	9.09707770e-006
217            	6.57053200e-004	3.96876960e-004	1.65461760e-003	1.59317740e-002	9.59503150e-006	9.11297910e-006
218            	6.49195020e-004	3.92976410e-004	1.64519830e-003	1.58711420e-002	9.59426490e-006	9.12881770e-006
219            	6.41372780e-004	3.89130480e-004	1.63596100e-003	1.58114900e-002	9.59350790e-006	9.14458550e-006
220            	6.33652790e-004	3.85339270e-004	1.62686170e-003	1.57555760e-002	9.59276000e-006	9.16027780e-006
221            	6.26045260e-004	3.81605960e-004	1.61782100e-003	1.56970120e-002	9.59202100e-006	9.17588670e-006
222            	6.18505610e-004	3.77935350e-004	1.60882230e-003	1.56364500e-002	9.59129130e-006	9.19140610e-006
223            	6.11010170e-004	3.74321090e-004	1.59981170e-003	1.55833850e-002	9.59057040e-006	9.20683180e-006
224            	6.03629380e-004	3.70756120e-004	1.59082550e-003	1.55335250e-002	9.58985870e-006	9.22215770e-006
225            	5.96360740e-004	3.67244130e-004	1.58187800e-003	1.54836510e-002	9.58915550e-006	9.23738180e-006
226            	5.89171280e-004	3.63790420e-004	1.57299550e-003	1.54329320e-002	9.58846060e-006	9.25250360e-006
227            	5.82054610e-004	3.60388390e-004	1.56417340e-003	1.53793970e-002	9.58777340e-006	9.26751770e-006
228            	5.75056820e-004	3.57040840e-004	1.55545990e-003	1.53203130e-002	9.58709470e-006	9.28242140e-006
229            	5.68162460e-004	3.53745120e-004	1.54682220e-003	1.52539890e-002	9.58642380e-006	9.29722030e-006
230            	5.61334580e-004	3.50508300e-004	1.53821610e-003	1.51914630e-002	9.58576060e-006	9.31190960e-006
231            	5.54609660e-004	3.47319420e-004	1.52964350e-003	1.51357040e-002	9.58510430e-006	9.32649160e-006
232            	5.48012490e-004	3.44191880e-004	1.52117890e-003	1.50935200e-002	9.58445490e-006	9.34096700e-006
233            	5.41514400e-004	3.41111590e-004	1.51277250e-003	1.50515430e-002	9.58381190e-006	9.35533680e-006
234            	5.35098350e-004	3.38085340e-004	1.50452570e-003	1.50031130e-002	9.58317580e-006	9.36960060e-006
235            	5.28802370e-004	3.35109890e-004	1.49639910e-003	1.49604520e-002	9.58254630e-006	9.38375550e-006
236            	5.22631880e-004	3.32194700e-004	1.48842460e-003	1.49143440e-002	9.58192290e-006	9.39780140e-006
237            	5.16567410e-004	3.29329090e-004	1.48056730e-003	1.48731120e-002	9.58130510e-006	9.41173800e-006
238            	5.10597970e-004	3.26515480e-004	1.47281890e-003	1.48438230e-002	9.58069250e-006	9.42556700e-006
239            	5.04752830e-004	3.23753030e-004	1.46514230e-003	1.48146420e-002	9.58008530e-006	9.43929000e-006
240            	4.99027240e-004	3.21039640e-004	1.45754150e-003	1.47762850e-002	9.57948410e-006	9.45290610e-006
241            	4.93392110e-004	3.18369990e-004	1.44992330e-003	1.47376210e-002	9.57888830e-006	9.46641580e-006
242            	4.87867550e-004	3.15743930e-004	1.44233720e-003	1.46932370e-002	9.57829700e-006	9.47981990e-006
243            	4.82469210e-004	3.13165770e-004	1.43481520e-003	1.46395980e-002	9.57771060e-006	9.49311950e-006
244            	4.77182190e-004	3.10640100e-004	1.42738920e-003	1.45747150e-002	9.57712910e-006	9.50631540e-006
245            	4.71986210e-004	3.08153880e-004	1.42002400e-003	1.45116850e-002	9.57655240e-006	9.51940760e-006
246            	4.66910660e-004	3.05713420e-004	1.41277440e-003	1.44509910e-002	9.57598030e-006	9.53239390e-006
247            	4.61952810e-004	3.03305840e-004	1.40559330e-003	1.44038450e-002	9.57541240e-006	9.54527200e-006
248            	4.57106230e-004	3.00939090e-004	1.39851280e-003	1.43571800e-002	9.57484920e-006	9.55804560e-006
249            	4.52346200e-004	2.98607040e-004	1.39149690e-003	1.43180790e-002	9.57429050e-006	9.57071400e-006
250            	4.47710830e-004	2.96315650e-004	1.38456600e-003	1.42738310e-002	9.57373680e-006	9.58327800e-006
251            	4.43192740e-004	2.94057650e-004	1.37771090e-003	1.42265590e-002	9.57318760e-006	9.59573900e-006
252            	4.38786870e-004	2.91835740e-004	1.37097720e-003	1.41731080e-002	9.57264270e-006	9.60810030e-006
253            	4.34473480e-004	2.89645380e-004	1.36440990e-003	1.41176300e-002	9.57210160e-006	9.62036430e-006
254            	4.30265790e-004	2.87490000e-004	1.35795850e-003	1.40562250e-002	9.57156450e-006	9.63252900e-006
255            	4.26156140e-004	2.85367290e-004	1.35154930e-003	1.39921680e-002	9.57103130e-006	9.64459590e-006
256            	4.22144800e-004	2.83283800e-004	1.34517870e-003	1.39379600e-002	9.57050170e-006	9.65656460e-006
257            	4.18213880e-004	2.81229180e-004	1.33887750e-003	1.38991990e-002	9.56997580e-006	9.66843520e-006
258            	4.14373910e-004	2.79208270e-004	1.33262810e-003	1.38485010e-002	9.56945320e-006	9.68020870e-006
259            	4.10612040e-004	2.77215520e-004	1.32639870e-003	1.37975080e-002	9.56893420e-006	9.69188750e-006
260            	4.06941730e-004	2.75254520e-004	1.32012720e-003	1.37331140e-002	9.56841920e-006	9.70347200e-006
261            	4.03350690e-004	2.73317450e-004	1.31385250e-003	1.36703310e-002	9.56790820e-006	9.71496600e-006
262            	3.99866070e-004	2.71408450e-004	1.30774720e-003	1.36075720e-002	9.56740090e-006	9.72637110e-006
263            	3.96471030e-004	2.69526250e-004	1.30180720e-003	1.35495610e-002	9.56689760e-006	9.73768620e-006
264            	3.93155930e-004	2.67678290e-004	1.29599620e-003	1.35019870e-002	9.56639750e-006	9.74891270e-006
265            	3.89913050e-004	2.65853920e-004	1.29028920e-003	1.34564330e-002	9.56590090e-006	9.76005110e-006
266            	3.86743110e-004	2.64056350e-004	1.28466860e-003	1.34168010e-002	9.56540830e-006	9.77109930e-006
267            	3.83629380e-004	2.62282990e-004	1.27910280e-003	1.33746720e-002	9.56492040e-006	9.78205980e-006
268            	3.80567380e-004	2.60534130e-004	1.27355830e-003	1.33354780e-002	9.56443680e-006	9.79293530e-006
269            	3.77545360e-004	2.58808280e-004	1.26801800e-003	1.32986190e-002	9.56395720e-006	9.80372570e-006
270            	3.74563560e-004	2.57105070e-004	1.26250980e-003	1.32543180e-002	9.56348130e-006	9.81442980e-006
271            	3.71614430e-004	2.55423170e-004	1.25704850e-003	1.32091210e-002	9.56300980e-006	9.82504840e-006
272            	3.68706280e-004	2.53762630e-004	1.25166170e-003	1.31648680e-002	9.56254190e-006	9.83557950e-006
273            	3.65847840e-004	2.52121860e-004	1.24633920e-003	1.31245660e-002	9.56207770e-006	9.84602580e-006
274            	3.63033360e-004	2.50501060e-004	1.24113640e-003	1.30844400e-002	9.56161710e-006	9.85638960e-006
275            	3.60259750e-004	2.48898210e-004	1.23603830e-003	1.30425320e-002	9.56116000e-006	9.86666860e-006
276            	3.57516840e-004	2.47314880e-004	1.23102970e-003	1.29929240e-002	9.56070600e-006	9.87686330e-006
277            	3.54801880e-004	2.45750220e-004	1.22602640e-003	1.29448930e-002	9.56025540e-006	9.88697630e-006
278            	3.52113920e-004	2.44204820e-004	1.22102870e-003	1.29003990e-002	9.55980860e-006	9.89700840e-006
279            	3.49451620e-004	2.42674660e-004	1.21603530e-003	1.28646270e-002	9.55936560e-006	9.90695930e-006
280            	3.46812180e-004	2.41162870e-004	1.21107910e-003	1.28341590e-002	9.55892670e-006	9.91683230e-006
281            	3.44207150e-004	2.39664600e-004	1.20612460e-003	1.28089260e-002	9.55849150e-006	9.92662490e-006
282            	3.41623490e-004	2.38185930e-004	1.20125100e-003	1.27770950e-002	9.55805980e-006	9.93633780e-006
283            	3.39058770e-004	2.36717840e-004	1.19644630e-003	1.27445730e-002	9.55763200e-006	9.94597180e-006
284            	3.36514620e-004	2.35264400e-004	1.19171660e-003	1.27125440e-002	9.55720760e-006	9.95552780e-006
285            	3.33988500e-004	2.33819710e-004	1.18702350e-003	1.26874120e-002	9.55678670e-006	9.96500630e-006
286            	3.31482220e-004	2.32389870e-004	1.18240800e-003	1.26588080e-002	9.55636950e-006	9.97440920e-006
287            	3.28989850e-004	2.30972040e-004	1.17779400e-003	1.26291400e-002	9.55595600e-006	9.98373440e-006
288            	3.26512510e-004	2.29565450e-004	1.17322640e-003	1.25946240e-002	9.55554620e-006	9.99298280e-006
289            	3.24047180e-004	2.28168460e-004	1.16863290e-003	1.25592370e-002	9.55513960e-006	1.00021550e-005
290            	3.25301230e-004	2.29650900e-004	1.20271120e-003	1.43457910e-002	1.01835160e-005	9.59799860e-006
291            	3.24567270e-004	2.29993930e-004	1.23309680e-003	1.52843630e-002	9.24119040e-006	9.48946320e-006
292            	3.20361940e-004	2.27140020e-004	1.19951990e-003	1.58544870e-002	9.24082160e-006	9.49396920e-006
293            	3.17054180e-004	2.24878580e-004	1.17717090e-003	1.55674410e-002	9.24045400e-006	9.49992720e-006
294            	3.14246090e-004	2.22983370e-004	1.17418940e-003	1.48305950e-002	9.24008610e-006	9.50674790e-006
295            	3.11560630e-004	2.21270710e-004	1.17525200e-003	1.41146590e-002	9.23971930e-006	9.51408370e-006
296            	3.08855640e-004	2.19657490e-004	1.17002340e-003	1.36699200e-002	9.23935530e-006	9.52172550e-006
297            	3.06176730e-004	2.18112800e-004	1.15955380e-003	1.34519250e-002	9.23899620e-006	9.52955330e-006
298            	3.03617760e-004	2.16639550e-004	1.14781220e-003	1.32546740e-002	9.23864300e-006	9.53750330e-006
299            	3.01182110e-004	2.15206750e-004	1.13769530e-003	1.30180010e-002	9.23829570e-006	9.54553320e-006
300            	2.98817080e-004	2.13799950e-004	1.13002830e-003	1.27928170e-002	9.23795370e-006	9.55360990e-006
301            	2.96481610e-004	2.12423330e-004	1.12391650e-003	1.26288940e-002	9.23761630e-006	9.56170830e-006
302            	2.94186020e-004	2.11085700e-004	1.11888220e-003	1.25064300e-002	9.23728330e-006	9.56980550e-006
303            	2.91938390e-004	2.09785100e-004	1.11486210e-003	1.24046630e-002	9.23695460e-006	9.57788430e-006
304            	2.89741580e-004	2.08522070e-004	1.11148210e-003	1.23066530e-002	9.23662910e-006	9.58593350e-006
305            	2.87580470e-004	2.07285710e-004	1.10775010e-003	1.22333890e-002	9.23630670e-006	9.59394270e-006
306            	2.85455990e-004	2.06073540e-004	1.10342800e-003	1.21759280e-002	9.23598740e-006	9.60190800e-006
307            	2.83373290e-004	2.04879560e-004	1.09865620e-003	1.21305870e-002	9.23567100e-006	9.60982770e-006
308            	2.81332100e-004	2.03705220e-004	1.09390070e-003	1.20797220e-002	9.23535740e-006	9.61769920e-006
309            	2.79324210e-004	2.02543950e-004	1.08938210e-003	1.20294590e-002	9.23504640e-006	9.62552040e-006
310            	2.77350640e-004	2.01397150e-004	1.08527060e-003	1.19813460e-002	9.23473810e-006	9.63329150e-006
311            	2.75403400e-004	2.00259820e-004	1.08143390e-003	1.19396660e-002	9.23443220e-006	9.64100780e-006
312            	2.73480460e-004	1.99138430e-004	1.07776990e-003	1.18997420e-002	9.23412900e-006	9.64867100e-006
313            	2.71577210e-004	1.98029970e-004	1.07406950e-003	1.18645590e-002	9.23382830e-006	9.65627910e-006
314            	2.69698990e-004	1.96935210e-004	1.07040330e-003	1.18310260e-002	9.23353010e-006	9.66383330e-006
315            	2.67849380e-004	1.95849580e-004	1.06665090e-003	1.18001510e-002	9.23323450e-006	9.67133460e-006
316            	2.66029550e-004	1.94775140e-004	1.06289080e-003	1.17716610e-002	9.23294160e-006	9.67878160e-006
317            	2.64234380e-004	1.93708600e-004	1.05908600e-003	1.17514320e-002	9.23265060e-006	9.68617590e-006
318            	2.62470760e-004	1.92652740e-004	1.05534310e-003	1.17250880e-002	9.23236180e-006	9.69351800e-006
319            	2.60732850e-004	1.91605400e-004	1.05166070e-003	1.17022820e-002	9.23207510e-006	9.70080950e-006
320            	2.59024020e-004	1.90569740e-004	1.04810360e-003	1.16723230e-002	9.23179040e-006	9.70804820e-006
321            	2.57338170e-004	1.89542760e-004	1.04455260e-003	1.16492860e-002	9.23150840e-006	9.71523510e-006
322            	2.55679150e-004	1.88529230e-004	1.04105140e-003	1.16259490e-002	9.23122880e-006	9.72237130e-006
323            	2.54047770e-004	1.87526430e-004	1.03750820e-003	1.16072070e-002	9.23095150e-006	9.72945690e-006
324            	2.52437850e-004	1.86536240e-004	1.03398370e-003	1.15826960e-002	9.23067670e-006	9.73649230e-006
325            	2.50847450e-004	1.85555620e-004	1.03038660e-003	1.15633250e-002	9.23040390e-006	9.74347930e-006
326            	2.49277060e-004	1.84586410e-004	1.02682130e-003	1.15472730e-002	9.23013330e-006	9.75041850e-006
327            	2.47728050e-004	1.83625520e-004	1.02322640e-003	1.15332340e-002	9.22986490e-006	9.75730790e-006
328            	2.46203770e-004	1.82674130e-004	1.01969730e-003	1.15148600e-002	9.22959870e-006	9.76414910e-006
329            	2.44701430e-004	1.81729960e-004	1.01613640e-003	1.15025040e-002	9.22933490e-006	9.77094160e-006
330            	2.43221940e-004	1.80799030e-004	1.01264780e-003	1.14841370e-002	9.22907350e-006	9.77768580e-006
331            	2.41756900e-004	1.79876110e-004	1.00913640e-003	1.14635400e-002	9.22881390e-006	9.78438300e-006
332            	2.40317480e-004	1.78964470e-004	1.00565890e-003	1.14349290e-002	9.22855680e-006	9.79103200e-006
333            	2.38896850e-004	1.78061290e-004	1.00215000e-003	1.14163140e-002	9.22830200e-006	9.79763150e-006
334            	2.37504770e-004	1.77169090e-004	9.98690490e-004	1.14024610e-002	9.22804930e-006	9.80418590e-006
335            	2.36140320e-004	1.76284970e-004	9.95231340e-004	1.13907170e-002	9.22779850e-006	9.81068890e-006
336            	2.34805430e-004	1.75413200e-004	9.91841020e-004	1.13756780e-002	9.22754980e-006	9.81715030e-006
337            	2.33487930e-004	1.74547450e-004	9.88411880e-004	1.13643910e-002	9.22730340e-006	9.82356170e-006
338            	2.32190240e-004	1.73693600e-004	9.85005830e-004	1.13480090e-002	9.22705900e-006	9.82993170e-006
339            	2.30907170e-004	1.72845240e-004	9.81544190e-004	1.13263130e-002	9.22681640e-006	9.83625270e-006
340            	2.29636400e-004	1.72006440e-004	9.78084620e-004	1.13010760e-002	9.22657600e-006	9.84253150e-006
341            	2.28379850e-004	1.71175940e-004	9.74617570e-004	1.12826320e-002	9.22633740e-006	9.84876570e-006
342            	2.27145970e-004	1.70361040e-004	9.71189230e-004	1.12721530e-002	9.22610090e-006	9.85495410e-006
343            	2.25930070e-004	1.69552890e-004	9.67774570e-004	1.12718730e-002	9.22586640e-006	9.86109940e-006
344            	2.24735870e-004	1.68756070e-004	9.64443020e-004	1.12562660e-002	9.22563370e-006	9.86720140e-006
345            	2.23556440e-004	1.67963330e-004	9.61108920e-004	1.12501050e-002	9.22540270e-006	9.87325970e-006
346            	2.22399590e-004	1.67180520e-004	9.57798740e-004	1.12347410e-002	9.22517360e-006	9.87927680e-006
347            	2.21258340e-004	1.66401150e-004	9.54402890e-004	1.12203340e-002	9.22494630e-006	9.88525200e-006
348            	2.20128400e-004	1.65629830e-004	9.50976680e-004	1.11932730e-002	9.22472100e-006	9.89118620e-006
349            	2.19002900e-004	1.64861160e-004	9.47418730e-004	1.11540110e-002	9.22449760e-006	9.89707950e-006
350            	2.17890610e-004	1.64096570e-004	9.43810670e-004	1.11122450e-002	9.22427590e-006	9.90293370e-006
351            	2.16785940e-004	1.63333980e-004	9.40205910e-004	1.10691630e-002	9.22405590e-006	9.90874560e-006
352            	2.15705580e-004	1.62582880e-004	9.36730130e-004	1.10279730e-002	9.22383770e-006	9.91452110e-006
353            	2.14646460e-004	1.61840260e-004	9.33366050e-004	1.09970660e-002	9.22362140e-006	9.92025720e-006
354            	2.13609130e-004	1.61107370e-004	9.30150500e-004	1.09803540e-002	9.22340680e-006	9.92595750e-006
355            	2.12590660e-004	1.60379600e-004	9.26964260e-004	1.09701280e-002	9.22319380e-006	9.93161890e-006
356            	2.11588410e-004	1.59659930e-004	9.23784950e-004	1.09497570e-002	9.22298270e-006	9.93724240e-006
357            	2.10591190e-004	1.58945620e-004	9.20521930e-004	1.09245210e-002	9.22277320e-006	9.94282760e-006
358            	2.09606370e-004	1.58242760e-004	9.17268070e-004	1.09019390e-002	9.22256580e-006	9.94837780e-006
359            	2.08629100e-004	1.57546520e-004	9.14050140e-004	1.08794100e-002	9.22236040e-006	9.95389020e-006
360            	2.07661490e-004	1.56860740e-004	9.10898980e-004	1.08543330e-002	9.22215690e-006	9.95936740e-006
361            	2.06700320e-004	1.56178500e-004	9.07767210e-004	1.08324810e-002	9.22195460e-006	9.96480900e-006
362            	2.05754200e-004	1.55503890e-004	9.04659670e-004	1.08287720e-002	9.22175390e-006	9.97021500e-006
363            	2.04816040e-004	1.54831400e-004	9.01545320e-004	1.08189560e-002	9.22155500e-006	9.97558410e-006
364            	2.03896860e-004	1.54167020e-004	8.98518330e-004	1.08067070e-002	9.22135750e-006	9.98091770e-006
365            	2.02985950e-004	1.53508120e-004	8.95479140e-004	1.07905290e-002	9.22116140e-006	9.98621550e-006
366            	2.02086060e-004	1.52855010e-004	8.92424730e-004	1.07726990e-002	9.22096680e-006	9.99147650e-006
367            	2.01189430e-004	1.52200740e-004	8.89328680e-004	1.07543170e-002	9.22077380e-006	9.99670370e-006
368            	2.00304670e-004	1.51555350e-004	8.86260540e-004	1.07351510e-002	9.22058230e-006	1.00018960e-005
369            	2.03033050e-004	1.53732480e-004	9.13978490e-004	1.23786810e-002	9.88706990e-006	8.77921360e-006
370            	2.00447530e-004	1.51853020e-004	8.97792040e-004	1.21791560e-002	9.88806380e-006	8.81172470e-006
371            	1.99082700e-004	1.50765650e-004	8.89803810e-004	1.20228560e-002	9.88782270e-006	8.80985740e-006
372            	1.97975100e-004	1.49863440e-004	8.87457730e-004	1.17530640e-002	9.88760030e-006	8.80937400e-006
373            	1.96987970e-004	1.49085040e-004	8.85802020e-004	1.15161170e-002	9.88739140e-006	8.80987660e-006
374            	1.96061130e-004	1.48406480e-004	8.82034930e-004	1.13558400e-002	9.88719260e-006	8.81108030e-006
375            	1.95188320e-004	1.47785630e-004	8.76800420e-004	1.12535730e-002	9.88700170e-006	8.81279520e-006
376            	1.94348980e-004	1.47177670e-004	8.71544530e-004	1.11587510e-002	9.88681740e-006	8.81489780e-006
377            	1.93518920e-004	1.46547490e-004	8.67060110e-004	1.10602380e-002	9.88663870e-006	8.81730840e-006
378            	1.92703540e-004	1.45908730e-004	8.63308810e-004	1.09656700e-002	9.88646460e-006	8.81997050e-006
379            	1.91881610e-004	1.45265770e-004	8.59839660e-004	1.08954170e-002	9.88629440e-006	8.82284140e-006
380            	1.91073180e-004	1.44646050e-004	8.56765630e-004	1.08195350e-002	9.88612770e-006	8.82588250e-006
381            	1.90264460e-004	1.44042440e-004	8.54015500e-004	1.07499080e-002	9.88596370e-006	8.82905920e-006
382            	1.89466080e-004	1.43459120e-004	8.51522380e-004	1.06932180e-002	9.88580230e-006	8.83234380e-006
383            	1.88676870e-004	1.42888480e-004	8.49018040e-004	1.06461370e-002	9.88564310e-006	8.83571360e-006
384            	1.87912800e-004	1.42332110e-004	8.46428710e-004	1.06113750e-002	9.88548580e-006	8.83914860e-006
385            	1.87170000e-004	1.41780490e-004	8.43707720e-004	1.05785880e-002	9.88533020e-006	8.84263510e-006
386            	1.86439460e-004	1.41226770e-004	8.40983720e-004	1.05493530e-002	9.88517620e-006	8.84616280e-006
387            	1.85698280e-004	1.40668670e-004	8.38276410e-004	1.05109330e-002	9.88502350e-006	8.84972460e-006
388            	1.84956920e-004	1.40115930e-004	8.35727590e-004	1.04813130e-002	9.88487220e-006	8.85331190e-006
389            	1.84209230e-004	1.39566500e-004	8.33279900e-004	1.04543390e-002	9.88472220e-006	8.85691950e-006
390            	1.83462370e-004	1.39027840e-004	8.30973870e-004	1.04255990e-002	9.88457340e-006	8.86054130e-006
391            	1.82713460e-004	1.38492260e-004	8.28698260e-004	1.03996350e-002	9.88442560e-006	8.86417400e-006
392            	1.81976640e-004	1.37964660e-004	8.26511430e-004	1.03610880e-002	9.88427890e-006	8.86781350e-006
393            	1.81244670e-004	1.37437830e-004	8.24303670e-004	1.03325840e-002	9.88413320e-006	8.87145800e-006
394            	1.80534950e-004	1.36920350e-004	8.22062710e-004	1.03031510e-002	9.88398860e-006	8.87510500e-006
395            	1.79826740e-004	1.36402770e-004	8.19758980e-004	1.02784400e-002	9.88384490e-006	8.87875250e-006
396            	1.79124300e-004	1.35890090e-004	8.17482020e-004	1.02539560e-002	9.88370250e-006	8.88239780e-006
397            	1.78417590e-004	1.35381150e-004	8.15205670e-004	1.02334100e-002	9.88356120e-006	8.88603980e-006
398            	1.77715840e-004	1.34877350e-004	8.13007420e-004	1.02136910e-002	9.88342130e-006	8.88967940e-006
399            	1.77011920e-004	1.34375300e-004	8.10849040e-004	1.02113580e-002	9.88328220e-006	8.89331420e-006
400            	1.76314720e-004	1.33876510e-004	8.08750510e-004	1.02027640e-002	9.88314400e-006	8.89694360e-006
401            	1.75618240e-004	1.33375440e-004	8.06656320e-004	1.01968220e-002	9.88300680e-006	8.90056610e-006
402            	1.74930730e-004	1.32876820e-004	8.04581350e-004	1.01850220e-002	9.88287100e-006	8.90418200e-006
403            	1.74245360e-004	1.32378230e-004	8.02492780e-004	1.01615070e-002	9.88273600e-006	8.90778970e-006
404            	1.73571600e-004	1.31878610e-004	8.00385110e-004	1.01313270e-002	9.88260200e-006	8.91138780e-006
405            	1.72898030e-004	1.31376850e-004	7.98194200e-004	1.00985750e-002	9.88246850e-006	8.91497480e-006
406            	1.72236290e-004	1.30883220e-004	7.96024600e-004	1.00643730e-002	9.88233610e-006	8.91855110e-006
407            	1.71582880e-004	1.30394020e-004	7.93839020e-004	1.00292410e-002	9.88220460e-006	8.92211760e-006
408            	1.70936400e-004	1.29911500e-004	7.91646870e-004	9.98950820e-003	9.88207350e-006	8.92567160e-006
409            	1.70283920e-004	1.29427430e-004	7.89392750e-004	9.95259710e-003	9.88194320e-006	8.92921390e-006
410            	1.69636260e-004	1.28948160e-004	7.87138590e-004	9.91956230e-003	9.88181370e-006	8.93274510e-006
411            	1.68981520e-004	1.28466340e-004	7.84769140e-004	9.88788090e-003	9.88168490e-006	8.93626570e-006
412            	1.68324940e-004	1.27988130e-004	7.82358510e-004	9.85271550e-003	9.88155690e-006	8.93977420e-006
413            	1.67661810e-004	1.27509320e-004	7.79855200e-004	9.82714400e-003	9.88142950e-006	8.94326940e-006
414            	1.67003410e-004	1.27033740e-004	7.77341310e-004	9.80136500e-003	9.88130290e-006	8.94675190e-006
415            	1.66349170e-004	1.26565310e-004	7.74868250e-004	9.78092960e-003	9.88117710e-006	8.95022020e-006
416            	1.65711110e-004	1.26101900e-004	7.72473840e-004	9.75485090e-003	9.88105190e-006	8.95367410e-006
417            	1.65068970e-004	1.25640230e-004	7.70028280e-004	9.72462400e-003	9.88092750e-006	8.95711430e-006
418            	1.64436660e-004	1.25184440e-004	7.67585740e-004	9.68698850e-003	9.88080370e-006	8.96054050e-006
419            	1.63805220e-004	1.24731160e-004	7.65093860e-004	9.64958530e-003	9.88068050e-006	8.96395240e-006
420            	1.63179850e-004	1.24282310e-004	7.62613740e-004	9.60578700e-003	9.88055820e-006	8.96734900e-006
421            	1.62549110e-004	1.23833880e-004	7.60087390e-004	9.56359530e-003	9.88043660e-006	8.97072950e-006
422            	1.61925210e-004	1.23391630e-004	7.57579490e-004	9.52174730e-003	9.88031560e-006	8.97409510e-006
423            	1.61300800e-004	1.22952570e-004	7.55084070e-004	9.49068050e-003	9.88019560e-006	8.97744550e-006
424            	1.60683780e-004	1.22518110e-004	7.52598990e-004	9.45607170e-003	9.88007630e-006	8.98078000e-006
425            	1.60064980e-004	1.22083520e-004	7.50085200e-004	9.42156970e-003	9.87995790e-006	8.98409970e-006
426            	1.59451860e-004	1.21651050e-004	7.47556480e-004	9.38435250e-003	9.87984020e-006	8.98740380e-006
427            	1.58835680e-004	1.21221550e-004	7.44991840e-004	9.34660380e-003	9.87972310e-006	8.99069170e-006
428            	1.58224130e-004	1.20798480e-004	7.42425160e-004	9.30307360e-003	9.87960700e-006	8.99396270e-006
429            	1.57606860e-004	1.20376310e-004	7.39844440e-004	9.27058960e-003	9.87949160e-006	8.99721770e-006
430            	1.56996850e-004	1.19961980e-004	7.37319080e-004	9.23947890e-003	9.87937710e-006	9.00045690e-006
431            	1.56393660e-004	1.19552230e-004	7.34786330e-004	9.21546640e-003	9.87926330e-006	9.00367990e-006
432            	1.55801020e-004	1.19145200e-004	7.32243660e-004	9.18049420e-003	9.87915010e-006	9.00688680e-006
433            	1.55205340e-004	1.18736860e-004	7.29638280e-004	9.14565700e-003	9.87903760e-006	9.01007910e-006
434            	1.54614540e-004	1.18331830e-004	7.27017350e-004	9.10375070e-003	9.87892550e-006	9.01325600e-006
435            	1.54024060e-004	1.17928150e-004	7.24339810e-004	9.07895680e-003	9.87881420e-006	9.01641780e-006
436            	1.53440730e-004	1.17529050e-004	7.21675700e-004	9.04107240e-003	9.87870340e-006	9.01956240e-006
437            	1.52852050e-004	1.17127520e-004	7.18938300e-004	9.01378730e-003	9.87859310e-006	9.02269140e-006
438            	1.52268970e-004	1.16730590e-004	7.16243500e-004	8.98032760e-003	9.87848360e-006	9.02580500e-006
439            	1.51689200e-004	1.16336390e-004	7.13538240e-004	8.95083600e-003	9.87837490e-006	9.02890470e-006
440            	1.51118350e-004	1.15946670e-004	7.10912360e-004	8.91099400e-003	9.87826710e-006	9.03198940e-006
441            	1.50548150e-004	1.15557160e-004	7.08290950e-004	8.88730790e-003	9.87815990e-006	9.03505810e-006
442            	1.49989460e-004	1.15173830e-004	7.05723160e-004	8.85449700e-003	9.87805350e-006	9.03811100e-006
443            	1.49431520e-004	1.14791790e-004	7.03146000e-004	8.83550770e-003	9.87794790e-006	9.04114850e-006
444            	1.48882130e-004	1.14414250e-004	7.00635430e-004	8.81082540e-003	9.87784290e-006	9.04417160e-006
445            	1.48335310e-004	1.14037140e-004	6.98123680e-004	8.79898250e-003	9.87773830e-006	9.04718010e-006
446            	1.47796260e-004	1.13665400e-004	6.95645760e-004	8.77341390e-003	9.87763440e-006	9.05017400e-006
447            	1.47255460e-004	1.13291820e-004	6.93141660e-004	8.75653540e-003	9.87753100e-006	9.05315310e-006
448            	1.46723530e-004	1.12923330e-004	6.90711150e-004	8.73594710e-003	9.87742830e-006	9.05611580e-006
449            	1.46195270e-004	1.12554700e-004	6.88279650e-004	8.71802810e-003	9.87732630e-006	9.05906400e-006
450            	1.45677260e-004	1.12192430e-004	6.85879490e-004	8.69353160e-003	9.87722520e-006	9.06199650e-006
451            	1.45159250e-004	1.11829270e-004	6.83485350e-004	8.67604230e-003	9.87712480e-006	9.06491440e-006
452            	1.44651740e-004	1.11472430e-004	6.81150980e-004	8.65400650e-003	9.87702530e-006	9.06781830e-006
453            	1.44143620e-004	1.11116850e-004	6.78824780e-004	8.63918340e-003	9.87692650e-006	9.07070900e-006
454            	1.43641320e-004	1.10766850e-004	6.76544950e-004	8.61552050e-003	9.87682830e-006	9.07358540e-006
455            	1.43136980e-004	1.10416030e-004	6.74242550e-004	8.59793830e-003	9.87673080e-006	9.07644780e-006
456            	1.42638960e-004	1.10068780e-004	6.71972010e-004	8.57937350e-003	9.87663410e-006	9.07929600e-006
457            	1.42139000e-004	1.09720860e-004	6.69722380e-004	8.56487310e-003	9.87653800e-006	9.08212850e-006
458            	1.41643490e-004	1.09379600e-004	6.67499430e-004	8.54068190e-003	9.87644290e-006	9.08494900e-006
459            	1.41146220e-004	1.09035350e-004	6.65239420e-004	8.51793280e-003	9.87634870e-006	9.08775650e-006
460            	1.40654600e-004	1.08692790e-004	6.63016860e-004	8.48387420e-003	9.87625540e-006	9.09055050e-006
461            	1.40157690e-004	1.08345940e-004	6.60758450e-004	8.45663020e-003	9.87616300e-006	9.09333140e-006
462            	1.39666720e-004	1.08004620e-004	6.58539910e-004	8.42525700e-003	9.87607130e-006	9.09609960e-006
463            	1.39173560e-004	1.07662580e-004	6.56310200e-004	8.40457460e-003	9.87598030e-006	9.09885250e-006
464            	1.38687170e-004	1.07325450e-004	6.54125190e-004	8.37780410e-003	9.87589020e-006	9.10159220e-006
465            	1.38199740e-004	1.06987770e-004	6.51929450e-004	8.35522090e-003	9.87580080e-006	9.10431970e-006
466            	1.37715010e-004	1.06652530e-004	6.49752360e-004	8.32584600e-003	9.87571210e-006	9.10703430e-006
467            	1.37222780e-004	1.06314110e-004	6.47534010e-004	8.30248380e-003	9.87562410e-006	9.10973540e-006
468            	1.36736920e-004	1.05979950e-004	6.45362750e-004	8.27444820e-003	9.87553700e-006	9.11242260e-006
469            	1.36250850e-004	1.05643300e-004	6.43209760e-004	8.25307680e-003	9.87545080e-006	9.11509730e-006
470            	1.35770360e-004	1.05310120e-004	6.41098000e-004	8.22505130e-003	9.87536550e-006	9.11775820e-006
471            	1.35285220e-004	1.04975570e-004	6.38958650e-004	8.20880560e-003	9.87528090e-006	9.12040650e-006
472            	1.34803190e-004	1.04645500e-004	6.36858730e-004	8.18726160e-003	9.87519720e-006	9.12304190e-006
473            	1.34319490e-004	1.04313490e-004	6.34742200e-004	8.16412910e-003	9.87511440e-006	9.12566550e-006
474            	1.33841080e-004	1.03985220e-004	6.32654340e-004	8.12993640e-003	9.87503260e-006	9.12827480e-006
475            	1.33361240e-004	1.03654710e-004	6.30596170e-004	8.09991210e-003	9.87495170e-006	9.13087060e-006
476            	1.32888870e-004	1.03327640e-004	6.28591700e-004	8.06743520e-003	9.87487150e-006	9.13345490e-006
477            	1.32415820e-004	1.02997820e-004	6.26561960e-004	8.04196250e-003	9.87479210e-006	9.13602690e-006
478            	1.31951280e-004	1.02672390e-004	6.24576340e-004	8.01206180e-003	9.87471380e-006	9.13858510e-006
479            	1.31487040e-004	1.02345860e-004	6.22592190e-004	7.99125590e-003	9.87463650e-006	9.14113220e-006
480            	1.31032280e-004	1.02025000e-004	6.20640640e-004	7.97017940e-003	9.87456010e-006	9.14366650e-006
481            	1.30574580e-004	1.01702840e-004	6.18674180e-004	7.95570780e-003	9.87448480e-006	9.14618780e-006
482            	1.30125990e-004	1.01384970e-004	6.16751990e-004	7.93388750e-003	9.87441040e-006	9.14869760e-006
483            	1.29681850e-004	1.01067140e-004	6.14843700e-004	7.91677720e-003	9.87433690e-006	9.15119520e-006
484            	1.29244350e-004	1.00751840e-004	6.12955690e-004	7.89668850e-003	9.87426460e-006	9.15368050e-006
485            	1.28802590e-004	1.00434150e-004	6.11039770e-004	7.88269390e-003	9.87419300e-006	9.15615440e-006
486            	1.28367010e-004	1.00119330e-004	6.09126410e-004	7.86102950e-003	9.87412230e-006	9.15861710e-006
487            	1.27932330e-004	9.98036330e-005	6.07236690e-004	7.84798750e-003	9.87405210e-006	9.16106640e-006
488            	1.27507800e-004	9.94911700e-005	6.05395140e-004	7.83327360e-003	9.87398290e-006	9.16350210e-006
489            	1.27085840e-004	9.91773440e-005	6.03583980e-004	7.82474080e-003	9.87391430e-006	9.16592380e-006
490            	1.26672860e-004	9.88665930e-005	6.01811600e-004	7.80980370e-003	9.87384650e-006	9.16833290e-006
491            	1.26261340e-004	9.85542420e-005	6.00050240e-004	7.80058150e-003	9.87377950e-006	9.17073050e-006
492            	1.25861890e-004	9.82475590e-005	5.98316260e-004	7.78716450e-003	9.87371340e-006	9.17311440e-006
493            	1.25465700e-004	9.79403600e-005	5.96578780e-004	7.77660160e-003	9.87364790e-006	9.17548650e-006
494            	1.25078960e-004	9.76396170e-005	5.94892390e-004	7.76781820e-003	9.87358300e-006	9.17784790e-006
495            	1.24694270e-004	9.73362820e-005	5.93250690e-004	7.76351690e-003	9.87351890e-006	9.18019830e-006
496            	1.24316880e-004	9.70370670e-005	5.91659190e-004	7.75504530e-003	9.87345550e-006	9.18253510e-006
497            	1.23941600e-004	9.67353290e-005	5.90105320e-004	7.75000480e-003	9.87339280e-006	9.18486040e-006
498            	1.23575030e-004	9.64346940e-005	5.88571530e-004	7.73603430e-003	9.87333090e-006	9.18717280e-006
499            	1.23219330e-004	9.61420600e-005	5.87071700e-004	7.72123580e-003	9.87326950e-006	9.18947110e-006
500            	1.22855360e-004	9.58394150e-005	5.85547990e-004	7.70041850e-003	9.87320890e-006	9.19175810e-006
501            	1.22491500e-004	9.55345900e-005	5.83990230e-004	7.68181310e-003	9.87314900e-006	9.19403340e-006
502            	1.22133740e-004	9.52357100e-005	5.82467620e-004	7.65953960e-003	9.87308970e-006	9.19629580e-006
503            	1.21786470e-004	9.49483580e-005	5.80969000e-004	7.63982890e-003	9.87303100e-006	9.19854620e-006
504            	1.21427780e-004	9.46518160e-005	5.79403990e-004	7.60954700e-003	9.87297290e-006	9.20078530e-006
505            	1.21068050e-004	9.43587440e-005	5.77822920e-004	7.58443230e-003	9.87291520e-006	9.20301160e-006
506            	1.20695880e-004	9.40567150e-005	5.76200170e-004	7.55656900e-003	9.87285820e-006	9.20522500e-006
507            	1.20334300e-004	9.37641080e-005	5.74634520e-004	7.53972870e-003	9.87280170e-006	9.20742570e-006
508            	1.19965080e-004	9.34662870e-005	5.73075710e-004	7.52293380e-003	9.87274600e-006	9.20961600e-006
509            	1.19614210e-004	9.31824670e-005	5.71582940e-004	7.50797240e-003	9.87269080e-006	9.21179250e-006
510            	1.19265320e-004	9.28969800e-005	5.70119750e-004	7.49883660e-003	9.87263610e-006	9.21395610e-006
511            	1.18907010e-004	9.25996480e-005	5.68607620e-004	7.49439460e-003	9.87258210e-006	9.21610650e-006
512            	1.18564180e-004	9.23192350e-005	5.67113900e-004	7.48008490e-003	9.87252860e-006	9.21824370e-006
513            	1.18216170e-004	9.20353450e-005	5.65595660e-004	7.46783680e-003	9.87247560e-006	9.22036800e-006
514            	1.17862050e-004	9.17460320e-005	5.64034930e-004	7.45542720e-003	9.87242310e-006	9.22247900e-006
515            	1.17521750e-004	9.14693540e-005	5.62554510e-004	7.45680310e-003	9.87237120e-006	9.22457770e-006
516            	1.17184930e-004	9.11964550e-005	5.61094300e-004	7.45668990e-003	9.87231970e-006	9.22666420e-006
517            	1.16844550e-004	9.09181320e-005	5.59652930e-004	7.46003680e-003	9.87226880e-006	9.22873890e-006
518            	1.16495060e-004	9.06325270e-005	5.58202290e-004	7.44318000e-003	9.87221830e-006	9.23080140e-006
519            	1.16160460e-004	9.03575960e-005	5.56797750e-004	7.42919050e-003	9.87216830e-006	9.23285220e-006
520            	1.15822480e-004	9.00841780e-005	5.55372520e-004	7.40910190e-003	9.87211880e-006	9.23489100e-006
521            	1.15471450e-004	8.97980200e-005	5.53903580e-004	7.38801710e-003	9.87206990e-006	9.23691770e-006
522            	1.15143230e-004	8.95275400e-005	5.52467690e-004	7.36067830e-003	9.87202140e-006	9.23893220e-006
523            	1.14809480e-004	8.92527940e-005	5.51015640e-004	7.33866780e-003	9.87197340e-006	9.24093510e-006
524            	1.14462740e-004	8.89675200e-005	5.49508420e-004	7.32377670e-003	9.87192600e-006	9.24292700e-006
525            	1.14134570e-004	8.86952540e-005	5.48026110e-004	7.31526700e-003	9.87187910e-006	9.24490710e-006
526            	1.13810470e-004	8.84230270e-005	5.46516500e-004	7.29858400e-003	9.87183270e-006	9.24687630e-006
527            	1.13471370e-004	8.81377140e-005	5.44943100e-004	7.28887250e-003	9.87178670e-006	9.24883390e-006
528            	1.13151300e-004	8.78684780e-005	5.43418540e-004	7.27652720e-003	9.87174120e-006	9.25078050e-006
529            	1.12834890e-004	8.75950510e-005	5.41888760e-004	7.26582260e-003	9.87169620e-006	9.25271550e-006
530            	1.12512560e-004	8.73119330e-005	5.40333780e-004	7.24341620e-003	9.87165170e-006	9.25463780e-006
531            	1.12201220e-004	8.70357860e-005	5.38788920e-004	7.22409820e-003	9.87160770e-006	9.25654760e-006
532            	1.11887030e-004	8.67577350e-005	5.37207410e-004	7.20409310e-003	9.87156410e-006	9.25844580e-006
533            	1.11557080e-004	8.64685980e-005	5.35554600e-004	7.18792200e-003	9.87152090e-006	9.26033190e-006
534            	1.11242360e-004	8.61961580e-005	5.33898400e-004	7.16813490e-003	9.87147810e-006	9.26220510e-006
535            	1.10913620e-004	8.59167960e-005	5.32185150e-004	7.14807860e-003	9.87143570e-006	9.26406750e-006
536            	1.10574300e-004	8.56372080e-005	5.30451980e-004	7.12285640e-003	9.87139380e-006	9.26591900e-006
537            	1.10229760e-004	8.53542460e-005	5.28722050e-004	7.10059750e-003	9.87135230e-006	9.26775840e-006
538            	1.09888480e-004	8.50721830e-005	5.27004990e-004	7.06952500e-003	9.87131120e-006	9.26958730e-006
539            	1.09545980e-004	8.47876170e-005	5.25276260e-004	7.04216980e-003	9.87127070e-006	9.27140430e-006
540            	1.09204950e-004	8.45025040e-005	5.23493250e-004	7.01552240e-003	9.87123070e-006	9.27321020e-006
541            	1.08864020e-004	8.42166730e-005	5.21723770e-004	6.99737150e-003	9.87119130e-006	9.27500470e-006
542            	1.08524110e-004	8.39383730e-005	5.20004380e-004	6.97285460e-003	9.87115220e-006	9.27678800e-006
543            	1.08178510e-004	8.36592040e-005	5.18326310e-004	6.95145470e-003	9.87111370e-006	9.27856000e-006
544            	1.07833680e-004	8.33832850e-005	5.16703670e-004	6.92917530e-003	9.87107570e-006	9.28032070e-006
545            	1.07485530e-004	8.31069520e-005	5.15061300e-004	6.90495880e-003	9.87103820e-006	9.28206990e-006
546            	1.07136690e-004	8.28330970e-005	5.13425060e-004	6.86788340e-003	9.87100130e-006	9.28380850e-006
547            	1.06779870e-004	8.25556430e-005	5.11761440e-004	6.83887290e-003	9.87096470e-006	9.28553590e-006
548            	1.06422350e-004	8.22796090e-005	5.10078490e-004	6.81366250e-003	9.87092850e-006	9.28725190e-006
549            	1.06065280e-004	8.20047820e-005	5.08388570e-004	6.79674650e-003	9.87089260e-006	9.28895650e-006
550            	1.05713620e-004	8.17339570e-005	5.06724200e-004	6.77811090e-003	9.87085720e-006	9.29064940e-006
551            	1.05358180e-004	8.14604400e-005	5.05099440e-004	6.76672290e-003	9.87082230e-006	9.29233170e-006
552            	1.05003240e-004	8.11885210e-005	5.03513290e-004	6.75047650e-003	9.87078780e-006	9.29400310e-006
553            	1.04646750e-004	8.09171000e-005	5.01990020e-004	6.73560400e-003	9.87075360e-006	9.29566440e-006
554            	1.04293970e-004	8.06486980e-005	5.00520650e-004	6.71727170e-003	9.87071980e-006	9.29731470e-006
555            	1.03938770e-004	8.03786860e-005	4.99067490e-004	6.70391110e-003	9.87068630e-006	9.29895440e-006
556            	1.03585920e-004	8.01128790e-005	4.97630140e-004	6.68112640e-003	9.87065320e-006	9.30058330e-006
557            	1.03233610e-004	7.98477160e-005	4.96195280e-004	6.66406580e-003	9.87062060e-006	9.30220110e-006
558            	1.02889620e-004	7.95861340e-005	4.94799080e-004	6.63944880e-003	9.87058830e-006	9.30380760e-006
559            	1.02544560e-004	7.93226900e-005	4.93419950e-004	6.62089960e-003	9.87055650e-006	9.30540300e-006
560            	1.02201400e-004	7.90628640e-005	4.92060330e-004	6.60498010e-003	9.87052510e-006	9.30698720e-006
561            	1.01860100e-004	7.88028330e-005	4.90701550e-004	6.59295600e-003	9.87049410e-006	9.30856030e-006
562            	1.01523640e-004	7.85468630e-005	4.89347340e-004	6.57634720e-003	9.87046360e-006	9.31012260e-006
563            	1.01182490e-004	7.82893590e-005	4.87957860e-004	6.55959990e-003	9.87043350e-006	9.31167400e-006
564            	1.00845150e-004	7.80352630e-005	4.86565740e-004	6.54236160e-003	9.87040380e-006	9.31321490e-006
565            	1.00509380e-004	7.77819310e-005	4.85165910e-004	6.53002300e-003	9.87037450e-006	9.31474560e-006
566            	1.00176510e-004	7.75324870e-005	4.83767440e-004	6.51626290e-003	9.87034560e-006	9.31626590e-006
567            	9.98469760e-005	7.72805150e-005	4.82397120e-004	6.50364370e-003	9.87031720e-006	9.31777570e-006
568            	9.95220740e-005	7.70303970e-005	4.81066350e-004	6.48594920e-003	9.87028940e-006	9.31927500e-006
569            	9.91974960e-005	7.67773720e-005	4.79736350e-004	6.47497900e-003	9.87026190e-006	9.32076390e-006
570            	9.88786260e-005	7.65282030e-005	4.78399020e-004	6.45978660e-003	9.87023490e-006	9.32224230e-006
571            	9.85586870e-005	7.62780330e-005	4.77033640e-004	6.44757720e-003	9.87020830e-006	9.32371050e-006
572            	9.82373280e-005	7.60291160e-005	4.75646900e-004	6.43126550e-003	9.87018220e-006	9.32516850e-006
573            	9.79127740e-005	7.57790090e-005	4.74238440e-004	6.41783280e-003	9.87015660e-006	9.32661720e-006
574            	9.75917180e-005	7.55332490e-005	4.72842300e-004	6.39806470e-003	9.87013130e-006	9.32805710e-006
575            	9.72685120e-005	7.52840490e-005	4.71439420e-004	6.37552200e-003	9.87010620e-006	9.32948760e-006
576            	9.69467840e-005	7.50361830e-005	4.70027980e-004	6.34868320e-003	9.87008160e-006	9.33090880e-006
577            	9.66262890e-005	7.47882410e-005	4.68616250e-004	6.32926140e-003	9.87005730e-006	9.33232090e-006
578            	9.63103020e-005	7.45433320e-005	4.67221060e-004	6.30566330e-003	9.87003320e-006	9.33372430e-006
579            	9.59916270e-005	7.42958280e-005	4.65826000e-004	6.28598280e-003	9.87000950e-006	9.33511880e-006
580            	9.56754770e-005	7.40497280e-005	4.64413000e-004	6.26403870e-003	9.86998610e-006	9.33650470e-006
581            	9.53567490e-005	7.38021430e-005	4.63006130e-004	6.24854820e-003	9.86996310e-006	9.33788240e-006
582            	9.50440820e-005	7.35575830e-005	4.61612780e-004	6.22326860e-003	9.86994050e-006	9.33925180e-006
583            	9.47281980e-005	7.33113200e-005	4.60221670e-004	6.19989460e-003	9.86991820e-006	9.34061310e-006
584            	9.44131540e-005	7.30661240e-005	4.58819810e-004	6.17360640e-003	9.86989630e-006	9.34196640e-006
585            	9.40945500e-005	7.28183980e-005	4.57398780e-004	6.15269310e-003	9.86987480e-006	9.34331200e-006
586            	9.37821550e-005	7.25756190e-005	4.55986270e-004	6.12865740e-003	9.86985370e-006	9.34464990e-006
587            	9.34700750e-005	7.23343250e-005	4.54584740e-004	6.10778510e-003	9.86983300e-006	9.34598030e-006
588            	9.31617900e-005	7.20953080e-005	4.53204190e-004	6.08365730e-003	9.86981270e-006	9.34730340e-006
589            	9.28534280e-005	7.18556760e-005	4.51845100e-004	6.06569290e-003	9.86979270e-006	9.34861910e-006
590            	9.25528890e-005	7.16200420e-005	4.50523920e-004	6.04613700e-003	9.86977310e-006	9.34992760e-006
591            	9.22521620e-005	7.13839440e-005	4.49237010e-004	6.03171700e-003	9.86975380e-006	9.35122910e-006
592            	9.19513940e-005	7.11499860e-005	4.47971180e-004	6.01442480e-003	9.86973480e-006	9.35252420e-006
593            	9.16469300e-005	7.09153100e-005	4.46685660e-004	5.99753930e-003	9.86971620e-006	9.35381260e-006
594            	9.13466030e-005	7.06852580e-005	4.45417970e-004	5.97516370e-003	9.86969800e-006	9.35509460e-006
595            	9.10459720e-005	7.04542980e-005	4.44154250e-004	5.95392330e-003	9.86968020e-006	9.35636940e-006
596            	9.07484250e-005	7.02260200e-005	4.42915750e-004	5.92990750e-003	9.86966270e-006	9.35763800e-006
597            	9.04505610e-005	6.99972430e-005	4.41683840e-004	5.90908670e-003	9.86964550e-006	9.35889980e-006
598            	9.01580830e-005	6.97731520e-005	4.40463070e-004	5.88883130e-003	9.86962890e-006	9.36015510e-006
599            	8.98625840e-005	6.95479110e-005	4.39266440e-004	5.86895820e-003	9.86961250e-006	9.36140410e-006
600            	8.95675510e-005	6.93255950e-005	4.38091470e-004	5.84437710e-003	9.86959640e-006	9.36264690e-006
601            	8.92762810e-005	6.91059790e-005	4.36948640e-004	5.82588790e-003	9.86958070e-006	9.36388390e-006
602            	8.89911880e-005	6.88911570e-005	4.35831650e-004	5.80387880e-003	9.86956540e-006	9.36511480e-006
603            	8.87037760e-005	6.86776440e-005	4.34752040e-004	5.78534330e-003	9.86955050e-006	9.36633970e-006
604            	8.84229640e-005	6.84670140e-005	4.33708490e-004	5.76698300e-003	9.86953570e-006	9.36755850e-006
605            	8.81456060e-005	6.82564870e-005	4.32675460e-004	5.75922240e-003	9.86952140e-006	9.36877140e-006
606            	8.78736640e-005	6.80473690e-005	4.31657660e-004	5.74271170e-003	9.86950740e-006	9.36997870e-006
607            	8.75961730e-005	6.78350200e-005	4.30652370e-004	5.72484810e-003	9.86949360e-006	9.37117960e-006
608            	8.73242690e-005	6.76270730e-005	4.29703250e-004	5.70643400e-003	9.86948020e-006	9.37237500e-006
609            	8.70555120e-005	6.74222750e-005	4.28805950e-004	5.69921190e-003	9.86946700e-006	9.37356510e-006
610            	8.67922130e-005	6.72229090e-005	4.27926630e-004	5.69142310e-003	9.86945420e-006	9.37474960e-006
611            	8.65256800e-005	6.70226730e-005	4.27036620e-004	5.68499390e-003	9.86944160e-006	9.37592860e-006
612            	8.62617050e-005	6.68250570e-005	4.26148210e-004	5.67442110e-003	9.86942920e-006	9.37710250e-006
613            	8.59993640e-005	6.66255520e-005	4.25278410e-004	5.67065630e-003	9.86941710e-006	9.37827110e-006
614            	8.57402320e-005	6.64285640e-005	4.24401700e-004	5.65905370e-003	9.86940530e-006	9.37943470e-006
615            	8.54760480e-005	6.62280950e-005	4.23530920e-004	5.64248710e-003	9.86939380e-006	9.38059320e-006
616            	8.52156060e-005	6.60285480e-005	4.22663410e-004	5.62350330e-003	9.86938260e-006	9.38174680e-006
617            	8.49577620e-005	6.58303670e-005	4.21793810e-004	5.61022110e-003	9.86937160e-006	9.38289530e-006
618            	8.47035060e-005	6.56376830e-005	4.20948360e-004	5.59077570e-003	9.86936100e-006	9.38403880e-006
619            	8.44461200e-005	6.54422170e-005	4.20117680e-004	5.57027500e-003	9.86935070e-006	9.38517760e-006
620            	8.41928810e-005	6.52498770e-005	4.19290980e-004	5.55257750e-003	9.86934070e-006	9.38631210e-006
621            	8.39423330e-005	6.50587070e-005	4.18480730e-004	5.54455540e-003	9.86933100e-006	9.38744190e-006
622            	8.36982950e-005	6.48715180e-005	4.17698000e-004	5.52987710e-003	9.86932160e-006	9.38856750e-006
623            	8.34525110e-005	6.46837300e-005	4.16917420e-004	5.51943140e-003	9.86931240e-006	9.38968850e-006
624            	8.32017080e-005	6.44960100e-005	4.16120390e-004	5.50281620e-003	9.86930340e-006	9.39080550e-006
625            	8.29486040e-005	6.43070320e-005	4.15298370e-004	5.48873980e-003	9.86929470e-006	9.39191810e-006
626            	8.26967760e-005	6.41198110e-005	4.14458940e-004	5.46523450e-003	9.86928630e-006	9.39302590e-006
627            	8.24421400e-005	6.39306930e-005	4.13600420e-004	5.44331250e-003	9.86927820e-006	9.39412890e-006
628            	8.21908090e-005	6.37434000e-005	4.12751300e-004	5.41735740e-003	9.86927030e-006	9.39522690e-006
629            	8.19442510e-005	6.35569760e-005	4.11913330e-004	5.39839920e-003	9.86926260e-006	9.39632030e-006
630            	8.17046110e-005	6.33741060e-005	4.11103310e-004	5.37454660e-003	9.86925520e-006	9.39740930e-006
631            	8.14628240e-005	6.31893570e-005	4.10284590e-004	5.36028040e-003	9.86924810e-006	9.39849370e-006
632            	8.12207850e-005	6.30063990e-005	4.09462750e-004	5.34766250e-003	9.86924120e-006	9.39957360e-006
633            	8.09804290e-005	6.28254500e-005	4.08633720e-004	5.34467810e-003	9.86923470e-006	9.40064860e-006
634            	8.07449080e-005	6.26494680e-005	4.07797360e-004	5.33092650e-003	9.86922850e-006	9.40171910e-006
635            	8.05044780e-005	6.24707550e-005	4.06929720e-004	5.31904120e-003	9.86922250e-006	9.40278460e-006
636            	8.02641200e-005	6.22925270e-005	4.06037190e-004	5.30374000e-003	9.86921690e-006	9.40384500e-006
637            	8.00267160e-005	6.21153780e-005	4.05149430e-004	5.29253500e-003	9.86921150e-006	9.40490030e-006
638            	7.97939030e-005	6.19424590e-005	4.04273080e-004	5.27303460e-003	9.86920640e-006	9.40595040e-006
639            	7.95585860e-005	6.17673690e-005	4.03404380e-004	5.25692450e-003	9.86920170e-006	9.40699580e-006
640            	7.93274970e-005	6.15946910e-005	4.02560050e-004	5.23837760e-003	9.86919720e-006	9.40803660e-006
641            	7.91014180e-005	6.14232040e-005	4.01736620e-004	5.22545820e-003	9.86919320e-006	9.40907270e-006
642            	7.88805750e-005	6.12561120e-005	4.00924150e-004	5.20746080e-003	9.86918930e-006	9.41010370e-006
643            	7.86570330e-005	6.10865730e-005	4.00091400e-004	5.19321440e-003	9.86918580e-006	9.41113030e-006
644            	7.84367320e-005	6.09185200e-005	3.99240820e-004	5.17754860e-003	9.86918260e-006	9.41215240e-006
645            	7.82214380e-005	6.07511870e-005	3.98401840e-004	5.17073270e-003	9.86917960e-006	9.41317010e-006
646            	7.80118980e-005	6.05882140e-005	3.97595570e-004	5.16071420e-003	9.86917690e-006	9.41418310e-006
647            	7.78017760e-005	6.04230190e-005	3.96823990e-004	5.15481980e-003	9.86917430e-006	9.41519140e-006
648            	7.75964750e-005	6.02591870e-005	3.96084280e-004	5.14671220e-003	9.86917210e-006	9.41619510e-006
649            	7.73983260e-005	6.00960910e-005	3.95372340e-004	5.14543940e-003	9.86917010e-006	9.41719450e-006
650            	7.72063240e-005	5.99357610e-005	3.94678420e-004	5.13511180e-003	9.86916830e-006	9.41818920e-006
651            	7.70119550e-005	5.97718850e-005	3.93971200e-004	5.12483890e-003	9.86916700e-006	9.41917970e-006
652            	7.68227940e-005	5.96097810e-005	3.93280930e-004	5.11090410e-003	9.86916590e-006	9.42016500e-006
653            	7.66368850e-005	5.94479520e-005	3.92623320e-004	5.10615490e-003	9.86916510e-006	9.42114550e-006
654            	7.64577410e-005	5.92903090e-005	3.91990750e-004	5.09900200e-003	9.86916440e-006	9.42212140e-006
655            	7.62767620e-005	5.91306480e-005	3.91361720e-004	5.09506550e-003	9.86916400e-006	9.42309220e-006
656            	7.60981100e-005	5.89708070e-005	3.90735380e-004	5.08893120e-003	9.86916380e-006	9.42405830e-006
657            	7.59219030e-005	5.88105430e-005	3.90115290e-004	5.08850060e-003	9.86916390e-006	9.42502010e-006
658            	7.57483560e-005	5.86533600e-005	3.89486790e-004	5.08009920e-003	9.86916420e-006	9.42597640e-006
659            	7.55700400e-005	5.84924870e-005	3.88857070e-004	5.07430410e-003	9.86916470e-006	9.42692820e-006
660            	7.53918360e-005	5.83316540e-005	3.88215370e-004	5.06601570e-003	9.86916540e-006	9.42787510e-006
661            	7.52163650e-005	5.81710500e-005	3.87584890e-004	5.06130950e-003	9.86916620e-006	9.42881710e-006
662            	7.50438680e-005	5.80126760e-005	3.86945570e-004	5.04654390e-003	9.86916720e-006	9.42975430e-006
663            	7.48676590e-005	5.78506430e-005	3.86283670e-004	5.03357950e-003	9.86916850e-006	9.43068660e-006
664            	7.46932140e-005	5.76897860e-005	3.85618980e-004	5.02116260e-003	9.86916980e-006	9.43161350e-006
665            	7.45212210e-005	5.75291110e-005	3.84963300e-004	5.01471300e-003	9.86917140e-006	9.43253540e-006
666            	7.43519130e-005	5.73708680e-005	3.84314800e-004	5.00076640e-003	9.86917310e-006	9.43345240e-006
667            	7.41772680e-005	5.72099330e-005	3.83668960e-004	4.99017830e-003	9.86917490e-006	9.43436390e-006
668            	7.40043510e-005	5.70505240e-005	3.83030580e-004	4.97611280e-003	9.86917700e-006	9.43527030e-006
669            	7.38331950e-005	5.68920100e-005	3.82397410e-004	4.97236000e-003	9.86917920e-006	9.43617150e-006
670            	7.36665590e-005	5.67367300e-005	3.81789140e-004	4.96522870e-003	9.86918160e-006	9.43706790e-006
671            	7.34962540e-005	5.65788610e-005	3.81158790e-004	4.96168940e-003	9.86918420e-006	9.43795910e-006
672            	7.33288780e-005	5.64224000e-005	3.80506610e-004	4.95202990e-003	9.86918700e-006	9.43884560e-006
673            	7.31616130e-005	5.62659890e-005	3.79841470e-004	4.94873160e-003	9.86918990e-006	9.43972710e-006
674            	7.29953970e-005	5.61108980e-005	3.79157020e-004	4.93707510e-003	9.86919290e-006	9.44060370e-006
675            	7.28217600e-005	5.59523810e-005	3.78432470e-004	4.92805470e-003	9.86919620e-006	9.44147520e-006
676            	7.26476470e-005	5.57951400e-005	3.77696080e-004	4.91470460e-003	9.86919960e-006	9.44234160e-006
677            	7.24742560e-005	5.56377930e-005	3.76960040e-004	4.90735060e-003	9.86920320e-006	9.44320290e-006
678            	7.23053080e-005	5.54840130e-005	3.76245450e-004	4.89552450e-003	9.86920690e-006	9.44405920e-006
679            	7.21339220e-005	5.53273570e-005	3.75534330e-004	4.88957770e-003	9.86921060e-006	9.44491090e-006
680            	7.19659180e-005	5.51723100e-005	3.74839880e-004	4.88203740e-003	9.86921460e-006	9.44575780e-006
681            	7.18010390e-005	5.50176490e-005	3.74151580e-004	4.88276810e-003	9.86921860e-006	9.44660010e-006
682            	7.16403820e-005	5.48659680e-005	3.73476870e-004	4.87936650e-003	9.86922270e-006	9.44743730e-006
683            	7.14762870e-005	5.47114410e-005	3.72795350e-004	4.88173150e-003	9.86922700e-006	9.44826920e-006
684            	7.13138880e-005	5.45581630e-005	3.72114810e-004	4.88168350e-003	9.86923150e-006	9.44909640e-006
685            	7.11525550e-005	5.44051830e-005	3.71408380e-004	4.89247510e-003	9.86923620e-006	9.44991900e-006
686            	7.09951090e-005	5.42552090e-005	3.70691490e-004	4.89101260e-003	9.86924090e-006	9.45073680e-006
687            	7.08322790e-005	5.41026410e-005	3.69952360e-004	4.89441000e-003	9.86924590e-006	9.45155010e-006
688            	7.06680920e-005	5.39497200e-005	3.69208490e-004	4.89803840e-003	9.86925110e-006	9.45235870e-006
689            	7.05017210e-005	5.37959330e-005	3.68460810e-004	4.90891620e-003	9.86925640e-006	9.45316310e-006
690            	7.03394300e-005	5.36455100e-005	3.67742500e-004	4.91293310e-003	9.86926190e-006	9.45396300e-006
691            	7.01714610e-005	5.34920980e-005	3.67049980e-004	4.91681600e-003	9.86926760e-006	9.45475840e-006
692            	7.00047320e-005	5.33402370e-005	3.66318480e-004	4.91622540e-003	9.86927340e-006	9.45554930e-006
693            	6.98345700e-005	5.31856270e-005	3.65485660e-004	4.91175500e-003	9.86927930e-006	9.45633530e-006
694            	6.96603840e-005	5.30305460e-005	3.64512310e-004	4.89566560e-003	9.86928530e-006	9.45711720e-006
695            	6.94782160e-005	5.28705350e-005	3.63418790e-004	4.87922130e-003	9.86929150e-006	9.45789500e-006
696            	6.92971070e-005	5.27112030e-005	3.62275910e-004	4.86426690e-003	9.86929790e-006	9.45866920e-006
697            	6.91211620e-005	5.25540780e-005	3.61191760e-004	4.84900640e-003	9.86930430e-006	9.45943850e-006
698            	6.89522610e-005	5.23996800e-005	3.60196900e-004	4.82716130e-003	9.86931090e-006	9.46020450e-006
699            	6.87811890e-005	5.22430040e-005	3.59311740e-004	4.80650350e-003	9.86931770e-006	9.46096720e-006
700            	6.86110400e-005	5.20874990e-005	3.58469110e-004	4.78952550e-003	9.86932450e-006	9.46172580e-006
701            	6.84403600e-005	5.19315250e-005	3.57613270e-004	4.77548760e-003	9.86933160e-006	9.46248160e-006
702            	6.82712410e-005	5.17779260e-005	3.56751360e-004	4.75568530e-003	9.86933870e-006	9.46323270e-006
703            	6.80975500e-005	5.16203500e-005	3.55856820e-004	4.74239790e-003	9.86934590e-006	9.46398050e-006
704            	6.79279100e-005	5.14648240e-005	3.54958360e-004	4.72562510e-003	9.86935320e-006	9.46472480e-006
705            	6.77607630e-005	5.13090690e-005	3.54063020e-004	4.71568670e-003	9.86936060e-006	9.46546500e-006
706            	6.75978340e-005	5.11552010e-005	3.53201810e-004	4.69715990e-003	9.86936830e-006	9.46620220e-006
707            	6.74288390e-005	5.09978570e-005	3.52335510e-004	4.68400420e-003	9.86937590e-006	9.46693510e-006
708            	6.72611970e-005	5.08418020e-005	3.51502140e-004	4.66793380e-003	9.86938370e-006	9.46766560e-006
709            	6.70889390e-005	5.06837030e-005	3.50650950e-004	4.65748880e-003	9.86939160e-006	9.46839270e-006
710            	6.69202130e-005	5.05284310e-005	3.49844200e-004	4.63846910e-003	9.86939960e-006	9.46911620e-006
711            	6.67454460e-005	5.03697010e-005	3.49024780e-004	4.62806310e-003	9.86940770e-006	9.46983650e-006
712            	6.65759670e-005	5.02144930e-005	3.48238640e-004	4.61470270e-003	9.86941580e-006	9.47055350e-006
713            	6.64053790e-005	5.00582050e-005	3.47451040e-004	4.60809930e-003	9.86942400e-006	9.47126710e-006
714            	6.62365630e-005	4.99043120e-005	3.46665260e-004	4.59546750e-003	9.86943230e-006	9.47197720e-006
715            	6.60632910e-005	4.97469700e-005	3.45864540e-004	4.58922030e-003	9.86944060e-006	9.47268430e-006
716            	6.58930310e-005	4.95928350e-005	3.45084000e-004	4.57751790e-003	9.86944900e-006	9.47338760e-006
717            	6.57217460e-005	4.94370380e-005	3.44302810e-004	4.57515080e-003	9.86945730e-006	9.47408740e-006
718            	6.55558050e-005	4.92846410e-005	3.43567440e-004	4.56510550e-003	9.86946570e-006	9.47478380e-006
719            	6.53853450e-005	4.91285820e-005	3.42825730e-004	4.55900870e-003	9.86947410e-006	9.47547670e-006
720            	6.52203530e-005	4.89746360e-005	3.42122600e-004	4.55322350e-003	9.86948260e-006	9.47616600e-006
721            	6.50553230e-005	4.88210200e-005	3.41436530e-004	4.55317480e-003	9.86949100e-006	9.47685190e-006
722            	6.48902420e-005	4.86679030e-005	3.40730980e-004	4.54322270e-003	9.86949960e-006	9.47753400e-006
723            	6.47163700e-005	4.85084290e-005	3.39981120e-004	4.53962410e-003	9.86950820e-006	9.47821270e-006
724            	6.45430040e-005	4.83504750e-005	3.39240740e-004	4.52961710e-003	9.86951680e-006	9.47888790e-006
725            	6.43652870e-005	4.81900760e-005	3.38454040e-004	4.52310950e-003	9.86952550e-006	9.47955970e-006
726            	6.41915480e-005	4.80314160e-005	3.37664380e-004	4.50891170e-003	9.86953420e-006	9.48022760e-006
727            	6.40083610e-005	4.78697870e-005	3.36820400e-004	4.50052060e-003	9.86954290e-006	9.48089200e-006
728            	6.38261490e-005	4.77104950e-005	3.35978110e-004	4.48837540e-003	9.86955170e-006	9.48155280e-006
729            	6.36436140e-005	4.75513510e-005	3.35139580e-004	4.47885930e-003	9.86956060e-006	9.48221050e-006
730            	6.34641070e-005	4.73966860e-005	3.34311370e-004	4.46208580e-003	9.86956930e-006	9.48286500e-006
731            	6.32795120e-005	4.72387600e-005	3.33474400e-004	4.45506410e-003	9.86957810e-006	9.48351590e-006
732            	6.30984140e-005	4.70842980e-005	3.32650060e-004	4.44517690e-003	9.86958690e-006	9.48416340e-006
733            	6.29141920e-005	4.69291090e-005	3.31808320e-004	4.44062710e-003	9.86959570e-006	9.48480820e-006
734            	6.27324950e-005	4.67763030e-005	3.30966440e-004	4.42657710e-003	9.86960460e-006	9.48544950e-006
735            	6.25453090e-005	4.66186850e-005	3.30091330e-004	4.42238450e-003	9.86961350e-006	9.48608770e-006
736            	6.23608500e-005	4.64654680e-005	3.29222530e-004	4.41714640e-003	9.86962240e-006	9.48672270e-006
737            	6.21734740e-005	4.63120960e-005	3.28344210e-004	4.41103630e-003	9.86963140e-006	9.48735470e-006
738            	6.19892740e-005	4.61613040e-005	3.27441310e-004	4.39448420e-003	9.86964040e-006	9.48798350e-006
739            	6.17996280e-005	4.60072790e-005	3.26486490e-004	4.38620050e-003	9.86964940e-006	9.48860930e-006
740            	6.16154070e-005	4.58567100e-005	3.25519650e-004	4.37316860e-003	9.86965840e-006	9.48923160e-006
741            	6.14325210e-005	4.57071740e-005	3.24536830e-004	4.36288990e-003	9.86966730e-006	9.48985080e-006
742            	6.12526860e-005	4.55610690e-005	3.23563740e-004	4.34509400e-003	9.86967630e-006	9.49046670e-006
743            	6.10689090e-005	4.54109070e-005	3.22592000e-004	4.33052110e-003	9.86968540e-006	9.49107980e-006
744            	6.08903910e-005	4.52635500e-005	3.21641770e-004	4.31484920e-003	9.86969450e-006	9.49169070e-006
745            	6.07150970e-005	4.51161450e-005	3.20700930e-004	4.30847510e-003	9.86970350e-006	9.49229780e-006
746            	6.05454230e-005	4.49727740e-005	3.19783220e-004	4.29444380e-003	9.86971250e-006	9.49290240e-006
747            	6.03761330e-005	4.48269650e-005	3.18846620e-004	4.28602970e-003	9.86972170e-006	9.49350370e-006
748            	6.02109860e-005	4.46834820e-005	3.17885620e-004	4.27627970e-003	9.86973080e-006	9.49410240e-006
749            	6.00464090e-005	4.45400600e-005	3.16907820e-004	4.27288530e-003	9.86974000e-006	9.49469800e-006
750            	5.98876090e-005	4.44005120e-005	3.15940620e-004	4.26101770e-003	9.86974910e-006	9.49529070e-006
751            	5.97256350e-005	4.42583890e-005	3.14965930e-004	4.25572690e-003	9.86975830e-006	9.49588050e-006
752            	5.95676850e-005	4.41183520e-005	3.13988180e-004	4.24734720e-003	9.86976750e-006	9.49646740e-006
753            	5.94113280e-005	4.39791550e-005	3.12986050e-004	4.24705360e-003	9.86977670e-006	9.49705180e-006
754            	5.92593490e-005	4.38428810e-005	3.11978410e-004	4.24246900e-003	9.86978590e-006	9.49763320e-006
755            	5.91045260e-005	4.37042230e-005	3.10960380e-004	4.24037180e-003	9.86979500e-006	9.49821170e-006
756            	5.89523340e-005	4.35676850e-005	3.09940080e-004	4.23534330e-003	9.86980420e-006	9.49878760e-006
757            	5.88009290e-005	4.34323360e-005	3.08932050e-004	4.23434610e-003	9.86981340e-006	9.49936090e-006
758            	5.86502360e-005	4.33003440e-005	3.07912260e-004	4.22837020e-003	9.86982260e-006	9.49993120e-006
759            	5.84948800e-005	4.31663270e-005	3.06857470e-004	4.22658650e-003	9.86983180e-006	9.50049880e-006
760            	5.83385940e-005	4.30331350e-005	3.05775880e-004	4.22272000e-003	9.86984090e-006	9.50106390e-006
761            	5.81820570e-005	4.29006850e-005	3.04677470e-004	4.22655980e-003	9.86984990e-006	9.50162630e-006
762            	5.80284050e-005	4.27705550e-005	3.03583880e-004	4.22398430e-003	9.86985880e-006	9.50218590e-006
763            	5.78720220e-005	4.26370930e-005	3.02476790e-004	4.22407170e-003	9.86986780e-006	9.50274290e-006
764            	5.77174860e-005	4.25044580e-005	3.01357010e-004	4.22055150e-003	9.86987670e-006	9.50329710e-006
765            	5.75618630e-005	4.23716190e-005	3.00242070e-004	4.22340310e-003	9.86988570e-006	9.50384900e-006
766            	5.74066710e-005	4.22409600e-005	2.99123250e-004	4.21864150e-003	9.86989460e-006	9.50439810e-006
767            	5.72459930e-005	4.21078950e-005	2.97995650e-004	4.21674600e-003	9.86990340e-006	9.50494480e-006
768            	5.70896920e-005	4.19775830e-005	2.96885520e-004	4.21416790e-003	9.86991220e-006	9.50548840e-006
769            	5.69339460e-005	4.18473880e-005	2.95784930e-004	4.22019150e-003	9.86992100e-006	9.50602960e-006
770            	5.67795000e-005	4.17193660e-005	2.94696900e-004	4.22309590e-003	9.86992960e-006	9.50656750e-006
771            	5.66192570e-005	4.15886360e-005	2.93610810e-004	4.22706010e-003	9.86993810e-006	9.50710310e-006
772            	5.64584110e-005	4.14586200e-005	2.92531870e-004	4.22535100e-003	9.86994660e-006	9.50763590e-006
773            	5.62945800e-005	4.13278420e-005	2.91463120e-004	4.22791110e-003	9.86995510e-006	9.50816610e-006
774            	5.61318630e-005	4.11994620e-005	2.90406810e-004	4.22189260e-003	9.86996350e-006	9.50869350e-006
775            	5.59643880e-005	4.10702560e-005	2.89361840e-004	4.21858230e-003	9.86997180e-006	9.50921820e-006
776            	5.57970220e-005	4.09443610e-005	2.88314810e-004	4.21119660e-003	9.86998000e-006	9.50974000e-006
777            	5.56290020e-005	4.08196750e-005	2.87256060e-004	4.20979320e-003	9.86998810e-006	9.51025900e-006
778            	5.54580140e-005	4.06976660e-005	2.86192310e-004	4.20224710e-003	9.86999620e-006	9.51077490e-006
779            	5.52805710e-005	4.05729120e-005	2.85124440e-004	4.19913520e-003	9.87000420e-006	9.51128830e-006
780            	5.51038670e-005	4.04502910e-005	2.84060910e-004	4.19531000e-003	9.87001210e-006	9.51179850e-006
781            	5.49271170e-005	4.03277720e-005	2.83005530e-004	4.19705180e-003	9.87001990e-006	9.51230640e-006
782            	5.47496450e-005	4.02076720e-005	2.81952560e-004	4.18989330e-003	9.87002760e-006	9.51281160e-006
783            	5.45684600e-005	4.00866020e-005	2.80927270e-004	4.18237340e-003	9.87003530e-006	9.51331360e-006
784            	5.43884660e-005	3.99678190e-005	2.79905760e-004	4.17428900e-003	9.87004280e-006	9.51381370e-006
785            	5.42090820e-005	3.98493780e-005	2.78915830e-004	4.17030440e-003	9.87005030e-006	9.51430990e-006
786            	5.40288000e-005	3.97322570e-005	2.77951320e-004	4.16140710e-003	9.87005780e-006	9.51480350e-006
787            	5.38441420e-005	3.96128870e-005	2.77008810e-004	4.15436540e-003	9.87006520e-006	9.51529460e-006
788            	5.36628100e-005	3.94944640e-005	2.76076910e-004	4.14580500e-003	9.87007260e-006	9.51578280e-006
789            	5.34844950e-005	3.93766640e-005	2.75197440e-004	4.14046280e-003	9.87007990e-006	9.51626820e-006
790            	5.33103420e-005	3.92607850e-005	2.74344300e-004	4.13144900e-003	9.87008710e-006	9.51675100e-006
791            	5.31341480e-005	3.91434270e-005	2.73531590e-004	4.12361340e-003	9.87009440e-006	9.51723130e-006
792            	5.29579370e-005	3.90276100e-005	2.72717230e-004	4.11657530e-003	9.87010160e-006	9.51770910e-006
793            	5.27843000e-005	3.89123400e-005	2.71947240e-004	4.10951090e-003	9.87010870e-006	9.51818420e-006
794            	5.26163110e-005	3.87989910e-005	2.71213970e-004	4.09628790e-003	9.87011590e-006	9.51865650e-006
795            	5.24488160e-005	3.86832320e-005	2.70519280e-004	4.08552330e-003	9.87012300e-006	9.51912630e-006
796            	5.22856830e-005	3.85690860e-005	2.69852240e-004	4.07771770e-003	9.87013000e-006	9.51959350e-006
797            	5.21270750e-005	3.84561750e-005	2.69272520e-004	4.07421690e-003	9.87013700e-006	9.52005780e-006
798            	5.19720690e-005	3.83455170e-005	2.68728930e-004	4.06743910e-003	9.87014390e-006	9.52051940e-006
799            	5.18172050e-005	3.82325800e-005	2.68188220e-004	4.06174890e-003	9.87015080e-006	9.52097840e-006
800            	5.16637010e-005	3.81213430e-005	2.67605270e-004	4.05916560e-003	9.87015770e-006	9.52143430e-006
